0 12
1 6
2 37
3 6
4 6
5 6
6 9
7 12
8 6
9 9
10 6
11 9
12 9
13 9
14 62
15 9
16 6
17 9
18 6
19 6
20 9
21 12
22 40
23 1
24 6
25 9
26 6
27 6
28 6
29 38
30 37
31 62
32 41
33 6
34 6
35 6
36 9
37 6
38 38
39 38
40 68
41 12
42 9
43 6
44 6
45 6
46 9
47 9
48 6
49 38
50 9
51 6
52 6
53 9
54 6
55 9
56 27
57 9
58 12
59 6
60 6
61 11
62 9
63 38
64 9
65 6
66 6
67 6
68 6
69 9
70 12
71 6
72 6
73 9
74 9
75 27
76 6
77 6
78 6
79 6
80 68
81 68
82 37
83 37
84 6
85 6
86 38
87 38
88 9
89 9
90 6
91 6
92 9
93 68
94 68
95 68
96 6
97 6
98 37
99 9
100 38
101 6
102 12
103 12
104 9
105 6
106 27
107 6
108 12
109 1
110 1
111 6
112 12
113 9
114 6
115 6
116 9
117 6
118 6
119 12
120 6
121 6
122 9
123 9
124 37
125 12
126 62
127 6
128 9
129 6
130 6
131 6
132 38
133 38
134 38
135 6
136 9
137 9
138 12
139 6
140 48
141 37
142 37
143 12
144 12
145 6
146 82
147 9
148 19
149 9
150 48
151 9
152 37
153 37
154 6
155 6
156 6
157 4
158 4
159 5
160 27
161 37
162 12
163 12
164 6
165 12
166 6
167 37
168 37
169 6
170 6
171 37
172 37
173 37
174 6
175 9
176 37
177 12
178 6
179 9
180 6
181 12
182 6
183 9
184 48
185 12
186 37
187 12
188 37
189 37
190 37
191 37
192 6
193 12
194 90
195 6
196 12
197 37
198 9
199 48
200 37
201 6
202 15
203 6
204 9
205 28
206 9
207 37
208 33
209 6
210 18
211 37
212 37
213 9
214 38
215 12
216 6
217 9
218 82
219 6
220 37
221 12
222 6
223 6
224 9
225 6
226 9
227 9
228 6
229 6
230 6
231 9
232 38
233 6
234 6
235 6
236 6
237 6
238 9
239 12
240 6
241 45
242 12
243 6
244 9
245 6
246 37
247 6
248 6
249 6
250 7
251 6
252 12
253 9
254 38
255 48
256 7
257 6
258 9
259 71
260 4
261 9
262 12
263 12
264 6
265 6
266 6
267 6
268 6
269 6
270 19
271 6
272 9
273 12
274 9
275 9
276 1
277 12
278 9
279 6
280 38
281 6
282 12
283 6
284 12
285 6
286 37
287 6
288 9
289 2
290 9
291 12
292 9
293 38
294 6
295 9
296 18
297 48
298 6
299 12
300 18
301 12
302 18
303 9
304 10
305 68
306 12
307 37
308 6
309 9
310 9
311 9
312 9
313 9
314 48
315 37
316 12
317 12
318 9
319 9
320 9
321 9
322 12
323 37
324 12
325 12
326 12
327 12
328 12
329 9
330 12
331 12
332 37
333 12
334 67
335 12
336 12
337 25
338 25
339 38
340 38
341 12
342 12
343 12
344 27
345 6
346 12
347 6
348 37
349 37
350 19
351 12
352 9
353 82
354 12
355 6
356 12
357 9
358 9
359 12
360 6
361 12
362 37
363 2
364 6
365 37
366 6
367 9
368 12
369 6
370 6
371 37
372 12
373 12
374 37
375 6
376 6
377 12
378 6
379 12
380 37
381 12
382 12
383 6
384 11
385 37
386 37
387 37
388 37
389 12
390 12
391 12
392 12
393 12
394 12
395 12
396 12
397 37
398 12
399 12
400 6
401 6
402 6
403 37
404 6
405 6
406 37
407 38
408 9
409 6
410 12
411 12
412 12
413 44
414 6
415 6
416 6
417 6
418 37
419 6
420 37
421 6
422 6
423 6
424 6
425 9
426 9
427 9
428 6
429 6
430 6
431 37
432 6
433 6
434 6
435 12
436 9
437 9
438 9
439 9
440 68
441 6
442 37
443 6
444 6
445 9
446 9
447 44
448 6
449 37
450 6
451 12
452 6
453 9
454 12
455 6
456 9
457 9
458 6
459 9
460 6
461 6
462 6
463 6
464 9
465 6
466 12
467 38
468 6
469 12
470 12
471 6
472 12
473 9
474 6
475 6
476 9
477 37
478 9
479 6
480 9
481 9
482 6
483 9
484 9
485 9
486 9
487 6
488 12
489 6
490 9
491 6
492 9
493 25
494 6
495 12
496 9
497 6
498 6
499 6
500 9
501 9
502 9
503 6
504 9
505 9
506 9
507 6
508 9
509 9
510 6
511 6
512 6
513 6
514 6
515 6
516 9
517 9
518 12
519 37
520 12
521 85
522 12
523 9
524 6
525 9
526 9
527 37
528 12
529 6
530 9
531 12
532 6
533 37
534 9
535 9
536 9
537 9
538 6
539 6
540 6
541 37
542 9
543 9
544 6
545 6
546 6
547 6
548 6
549 38
550 9
551 37
552 9
553 6
554 12
555 5
556 45
557 6
558 37
559 12
560 12
561 6
562 9
563 6
564 6
565 6
566 9
567 6
568 6
569 6
570 38
571 37
572 6
573 6
574 12
575 37
576 6
577 6
578 9
579 6
580 9
581 9
582 9
583 9
584 6
585 9
586 12
587 6
588 12
589 6
590 4
591 9
592 9
593 6
594 6
595 6
596 37
597 35
598 6
599 12
600 9
601 12
602 9
603 38
604 6
605 27
606 48
607 37
608 6
609 30
610 12
611 90
612 11
613 9
614 9
615 37
616 6
617 37
618 12
619 12
620 6
621 37
622 6
623 6
624 37
625 37
626 37
627 37
628 6
629 37
630 6
631 37
632 12
633 68
634 6
635 12
636 6
637 6
638 6
639 9
640 9
641 9
642 12
643 12
644 9
645 37
646 27
647 6
648 37
649 6
650 11
651 12
652 6
653 6
654 6
655 9
656 9
657 6
658 12
659 6
660 37
661 6
662 12
663 6
664 6
665 37
666 6
667 48
668 12
669 37
670 12
671 6
672 6
673 6
674 6
675 12
676 6
677 37
678 1
679 2
680 12
681 9
682 6
683 9
684 37
685 12
686 12
687 44
688 37
689 12
690 44
691 12
692 12
693 6
694 9
695 9
696 9
697 9
698 9
699 9
700 9
701 40
702 12
703 9
704 9
705 12
706 6
707 12
708 12
709 9
710 6
711 9
712 9
713 9
714 9
715 12
716 6
717 6
718 9
719 12
720 9
721 40
722 6
723 9
724 21
725 6
726 9
727 6
728 76
729 12
730 6
731 6
732 9
733 6
734 37
735 9
736 6
737 30
738 15
739 6
740 12
741 12
742 6
743 62
744 6
745 6
746 12
747 6
748 6
749 6
750 6
751 12
752 9
753 9
754 9
755 30
756 6
757 30
758 30
759 68
760 9
761 37
762 38
763 9
764 27
765 12
766 6
767 38
768 6
769 12
770 6
771 6
772 9
773 12
774 40
775 12
776 6
777 40
778 6
779 9
780 12
781 12
782 40
783 12
784 6
785 6
786 6
787 6
788 82
789 37
790 9
791 9
792 38
793 6
794 9
795 9
796 12
797 9
798 6
799 12
800 82
801 12
802 12
803 9
804 30
805 6
806 12
807 9
808 9
809 62
810 9
811 12
812 6
813 6
814 34
815 6
816 6
817 6
818 6
819 5
820 6
821 6
822 23
823 6
824 6
825 9
826 9
827 6
828 6
829 9
830 12
831 9
832 12
833 12
834 0
835 9
836 6
837 40
838 6
839 30
840 12
841 12
842 12
843 12
844 6
845 9
846 9
847 9
848 9
849 9
850 9
851 9
852 9
853 38
854 38
855 12
856 6
857 9
858 6
859 37
860 12
861 44
862 5
863 9
864 6
865 6
866 6
867 6
868 9
869 6
870 19
871 9
872 6
873 6
874 9
875 9
876 6
877 6
878 6
879 38
880 9
881 9
882 9
883 27
884 9
885 6
886 6
887 6
888 12
889 31
890 6
891 9
892 9
893 6
894 6
895 33
896 6
897 6
898 9
899 87
900 9
901 9
902 62
903 44
904 6
905 6
906 68
907 9
908 9
909 9
910 9
911 9
912 38
913 9
914 9
915 9
916 38
917 9
918 62
919 4
920 9
921 12
922 6
923 6
924 6
925 9
926 6
927 33
928 6
929 9
930 6
931 2
932 9
933 6
934 6
935 9
936 6
937 6
938 6
939 39
940 9
941 12
942 9
943 6
944 37
945 6
946 6
947 12
948 6
949 9
950 6
951 12
952 12
953 9
954 6
955 38
956 9
957 9
958 44
959 12
960 37
961 6
962 12
963 9
964 12
965 6
966 6
967 9
968 9
969 37
970 77
971 6
972 6
973 37
974 37
975 37
976 8
977 9
978 6
979 9
980 37
981 6
982 37
983 38
984 77
985 6
986 77
987 12
988 6
989 12
990 12
991 37
992 6
993 6
994 37
995 6
996 12
997 6
998 37
999 9
1000 6
1001 9
1002 19
1003 0
1004 9
1005 6
1006 12
1007 8
1008 6
1009 37
1010 12
1011 6
1012 85
1013 6
1014 6
1015 44
1016 9
1017 9
1018 9
1019 9
1020 6
1021 9
1022 6
1023 12
1024 6
1025 12
1026 37
1027 6
1028 9
1029 9
1030 10
1031 33
1032 9
1033 17
1034 33
1035 38
1036 6
1037 9
1038 6
1039 33
1040 6
1041 6
1042 9
1043 6
1044 6
1045 6
1046 6
1047 38
1048 3
1049 6
1050 33
1051 6
1052 68
1053 33
1054 42
1055 6
1056 37
1057 16
1058 3
1059 6
1060 3
1061 6
1062 33
1063 3
1064 6
1065 9
1066 9
1067 6
1068 12
1069 2
1070 9
1071 9
1072 9
1073 6
1074 9
1075 9
1076 6
1077 6
1078 6
1079 33
1080 9
1081 9
1082 38
1083 6
1084 6
1085 9
1086 38
1087 11
1088 9
1089 75
1090 12
1091 42
1092 12
1093 9
1094 42
1095 9
1096 14
1097 30
1098 9
1099 6
1100 40
1101 6
1102 6
1103 9
1104 41
1105 9
1106 9
1107 38
1108 42
1109 9
1110 6
1111 6
1112 6
1113 6
1114 6
1115 9
1116 6
1117 21
1118 12
1119 6
1120 9
1121 9
1122 38
1123 38
1124 21
1125 12
1126 0
1127 9
1128 9
1129 9
1130 6
1131 37
1132 6
1133 12
1134 9
1135 6
1136 6
1137 33
1138 6
1139 6
1140 9
1141 12
1142 33
1143 33
1144 6
1145 12
1146 9
1147 33
1148 38
1149 9
1150 96
1151 38
1152 12
1153 12
1154 12
1155 33
1156 6
1157 38
1158 6
1159 33
1160 6
1161 6
1162 12
1163 6
1164 44
1165 82
1166 12
1167 33
1168 9
1169 9
1170 12
1171 9
1172 9
1173 6
1174 12
1175 6
1176 11
1177 56
1178 9
1179 56
1180 9
1181 9
1182 6
1183 6
1184 6
1185 6
1186 9
1187 68
1188 12
1189 10
1190 9
1191 38
1192 38
1193 6
1194 9
1195 6
1196 12
1197 37
1198 6
1199 6
1200 6
1201 12
1202 9
1203 6
1204 9
1205 12
1206 12
1207 9
1208 12
1209 6
1210 6
1211 6
1212 6
1213 6
1214 6
1215 51
1216 6
1217 6
1218 38
1219 33
1220 9
1221 33
1222 6
1223 6
1224 9
1225 9
1226 11
1227 9
1228 33
1229 37
1230 9
1231 6
1232 33
1233 9
1234 9
1235 37
1236 12
1237 33
1238 9
1239 39
1240 28
1241 9
1242 33
1243 6
1244 5
1245 6
1246 12
1247 68
1248 44
1249 6
1250 6
1251 9
1252 1
1253 9
1254 9
1255 6
1256 6
1257 38
1258 33
1259 68
1260 38
1261 12
1262 9
1263 6
1264 39
1265 39
1266 6
1267 33
1268 6
1269 6
1270 6
1271 6
1272 37
1273 12
1274 9
1275 33
1276 5
1277 21
1278 38
1279 12
1280 9
1281 6
1282 6
1283 9
1284 6
1285 9
1286 9
1287 9
1288 12
1289 6
1290 9
1291 9
1292 6
1293 6
1294 5
1295 6
1296 9
1297 6
1298 9
1299 9
1300 6
1301 76
1302 6
1303 38
1304 6
1305 9
1306 6
1307 6
1308 12
1309 37
1310 37
1311 37
1312 6
1313 48
1314 2
1315 37
1316 19
1317 12
1318 89
1319 37
1320 12
1321 19
1322 12
1323 12
1324 53
1325 6
1326 6
1327 4
1328 37
1329 38
1330 6
1331 12
1332 12
1333 19
1334 6
1335 9
1336 12
1337 10
1338 12
1339 37
1340 6
1341 12
1342 11
1343 6
1344 37
1345 12
1346 37
1347 12
1348 37
1349 12
1350 12
1351 37
1352 33
1353 6
1354 6
1355 6
1356 12
1357 12
1358 6
1359 90
1360 6
1361 6
1362 6
1363 9
1364 9
1365 37
1366 44
1367 33
1368 9
1369 82
1370 6
1371 33
1372 9
1373 9
1374 6
1375 12
1376 9
1377 12
1378 37
1379 12
1380 11
1381 6
1382 31
1383 6
1384 6
1385 37
1386 6
1387 6
1388 73
1389 6
1390 1
1391 6
1392 6
1393 37
1394 6
1395 30
1396 6
1397 9
1398 40
1399 12
1400 9
1401 9
1402 33
1403 9
1404 6
1405 6
1406 6
1407 9
1408 38
1409 88
1410 33
1411 88
1412 9
1413 9
1414 5
1415 9
1416 9
1417 6
1418 6
1419 9
1420 37
1421 6
1422 37
1423 37
1424 37
1425 37
1426 6
1427 37
1428 12
1429 12
1430 37
1431 6
1432 6
1433 37
1434 12
1435 37
1436 6
1437 38
1438 37
1439 37
1440 6
1441 12
1442 9
1443 37
1444 37
1445 12
1446 12
1447 6
1448 12
1449 6
1450 6
1451 12
1452 33
1453 12
1454 37
1455 37
1456 37
1457 12
1458 4
1459 37
1460 6
1461 12
1462 6
1463 12
1464 37
1465 9
1466 12
1467 6
1468 6
1469 12
1470 44
1471 9
1472 37
1473 12
1474 83
1475 37
1476 12
1477 9
1478 6
1479 6
1480 6
1481 6
1482 6
1483 9
1484 6
1485 9
1486 6
1487 9
1488 6
1489 9
1490 37
1491 6
1492 9
1493 42
1494 27
1495 23
1496 6
1497 6
1498 6
1499 6
1500 6
1501 37
1502 9
1503 38
1504 9
1505 1
1506 6
1507 9
1508 9
1509 12
1510 36
1511 42
1512 6
1513 6
1514 42
1515 9
1516 9
1517 12
1518 42
1519 12
1520 10
1521 6
1522 9
1523 6
1524 6
1525 6
1526 6
1527 5
1528 5
1529 6
1530 6
1531 6
1532 38
1533 6
1534 6
1535 2
1536 6
1537 6
1538 6
1539 38
1540 6
1541 6
1542 6
1543 6
1544 12
1545 6
1546 6
1547 6
1548 9
1549 6
1550 6
1551 6
1552 6
1553 38
1554 37
1555 37
1556 9
1557 68
1558 6
1559 9
1560 37
1561 12
1562 6
1563 0
1564 9
1565 9
1566 9
1567 6
1568 9
1569 9
1570 6
1571 6
1572 12
1573 6
1574 6
1575 12
1576 12
1577 12
1578 12
1579 6
1580 38
1581 12
1582 6
1583 6
1584 9
1585 15
1586 37
1587 12
1588 6
1589 6
1590 37
1591 12
1592 6
1593 6
1594 9
1595 9
1596 12
1597 12
1598 6
1599 33
1600 9
1601 9
1602 9
1603 9
1604 12
1605 37
1606 9
1607 37
1608 12
1609 9
1610 12
1611 38
1612 6
1613 9
1614 6
1615 9
1616 6
1617 9
1618 6
1619 12
1620 68
1621 40
1622 27
1623 6
1624 6
1625 12
1626 27
1627 37
1628 6
1629 6
1630 9
1631 20
1632 9
1633 11
1634 37
1635 6
1636 6
1637 6
1638 6
1639 12
1640 8
1641 6
1642 6
1643 6
1644 6
1645 11
1646 9
1647 9
1648 6
1649 6
1650 6
1651 6
1652 9
1653 27
1654 9
1655 12
1656 11
1657 9
1658 38
1659 6
1660 6
1661 12
1662 6
1663 6
1664 9
1665 38
1666 38
1667 38
1668 6
1669 33
1670 37
1671 37
1672 37
1673 31
1674 11
1675 12
1676 12
1677 12
1678 12
1679 12
1680 37
1681 12
1682 12
1683 38
1684 12
1685 37
1686 12
1687 6
1688 12
1689 37
1690 9
1691 12
1692 12
1693 37
1694 9
1695 27
1696 29
1697 33
1698 6
1699 12
1700 37
1701 37
1702 19
1703 6
1704 6
1705 6
1706 22
1707 6
1708 6
1709 22
1710 38
1711 38
1712 37
1713 9
1714 9
1715 38
1716 69
1717 12
1718 4
1719 37
1720 4
1721 37
1722 6
1723 5
1724 12
1725 9
1726 37
1727 6
1728 37
1729 6
1730 37
1731 9
1732 37
1733 37
1734 20
1735 6
1736 5
1737 6
1738 12
1739 6
1740 9
1741 38
1742 6
1743 9
1744 12
1745 6
1746 9
1747 9
1748 12
1749 6
1750 9
1751 6
1752 6
1753 6
1754 6
1755 16
1756 6
1757 6
1758 9
1759 9
1760 6
1761 6
1762 37
1763 9
1764 6
1765 6
1766 44
1767 38
1768 6
1769 6
1770 12
1771 9
1772 9
1773 38
1774 83
1775 30
1776 9
1777 30
1778 30
1779 9
1780 12
1781 6
1782 6
1783 30
1784 9
1785 38
1786 9
1787 6
1788 12
1789 6
1790 40
1791 40
1792 12
1793 6
1794 9
1795 9
1796 40
1797 6
1798 68
1799 9
1800 40
1801 5
1802 9
1803 54
1804 12
1805 9
1806 9
1807 6
1808 9
1809 6
1810 6
1811 6
1812 11
1813 68
1814 6
1815 6
1816 38
1817 38
1818 6
1819 37
1820 9
1821 1
1822 12
1823 9
1824 38
1825 6
1826 5
1827 68
1828 12
1829 6
1830 6
1831 6
1832 40
1833 9
1834 6
1835 9
1836 6
1837 12
1838 6
1839 38
1840 9
1841 6
1842 5
1843 6
1844 6
1845 38
1846 6
1847 9
1848 6
1849 34
1850 9
1851 34
1852 89
1853 44
1854 9
1855 9
1856 15
1857 6
1858 6
1859 6
1860 12
1861 12
1862 38
1863 9
1864 2
1865 6
1866 9
1867 6
1868 12
1869 9
1870 9
1871 44
1872 6
1873 6
1874 9
1875 6
1876 6
1877 6
1878 6
1879 5
1880 9
1881 9
1882 9
1883 9
1884 9
1885 6
1886 6
1887 9
1888 6
1889 6
1890 38
1891 38
1892 38
1893 38
1894 38
1895 6
1896 6
1897 6
1898 48
1899 9
1900 37
1901 37
1902 6
1903 38
1904 6
1905 6
1906 9
1907 6
1908 9
1909 37
1910 6
1911 9
1912 6
1913 6
1914 6
1915 9
1916 33
1917 9
1918 27
1919 6
1920 6
1921 9
1922 6
1923 6
1924 27
1925 12
1926 9
1927 6
1928 6
1929 38
1930 6
1931 12
1932 6
1933 6
1934 12
1935 9
1936 38
1937 9
1938 9
1939 12
1940 6
1941 12
1942 37
1943 12
1944 37
1945 10
1946 6
1947 6
1948 12
1949 38
1950 6
1951 9
1952 6
1953 9
1954 38
1955 6
1956 6
1957 12
1958 6
1959 6
1960 6
1961 9
1962 9
1963 6
1964 11
1965 38
1966 12
1967 39
1968 9
1969 9
1970 6
1971 9
1972 9
1973 9
1974 6
1975 9
1976 12
1977 9
1978 12
1979 9
1980 9
1981 38
1982 38
1983 37
1984 9
1985 38
1986 6
1987 6
1988 9
1989 9
1990 38
1991 38
1992 9
1993 6
1994 6
1995 6
1996 6
1997 6
1998 12
1999 6
2000 6
2001 9
2002 38
2003 12
2004 11
2005 9
2006 6
2007 9
2008 6
2009 9
2010 9
2011 12
2012 6
2013 6
2014 6
2015 6
2016 12
2017 6
2018 6
2019 38
2020 5
2021 9
2022 6
2023 9
2024 9
2025 9
2026 9
2027 9
2028 9
2029 38
2030 6
2031 38
2032 9
2033 9
2034 38
2035 9
2036 12
2037 6
2038 9
2039 6
2040 38
2041 6
2042 6
2043 6
2044 9
2045 6
2046 12
2047 6
2048 9
2049 6
2050 6
2051 6
2052 12
2053 37
2054 12
2055 6
2056 69
2057 9
2058 9
2059 9
2060 12
2061 12
2062 6
2063 6
2064 9
2065 38
2066 12
2067 38
2068 12
2069 38
2070 6
2071 35
2072 9
2073 12
2074 9
2075 6
2076 12
2077 6
2078 9
2079 6
2080 6
2081 6
2082 6
2083 6
2084 9
2085 9
2086 27
2087 9
2088 12
2089 6
2090 11
2091 38
2092 9
2093 9
2094 38
2095 9
2096 38
2097 6
2098 12
2099 38
2100 37
2101 6
2102 6
2103 6
2104 6
2105 38
2106 6
2107 39
2108 6
2109 6
2110 9
2111 12
2112 12
2113 38
2114 37
2115 6
2116 38
2117 38
2118 9
2119 6
2120 6
2121 12
2122 9
2123 12
2124 12
2125 5
2126 9
2127 6
2128 12
2129 9
2130 6
2131 9
2132 98
2133 12
2134 6
2135 9
2136 6
2137 12
2138 9
2139 24
2140 9
2141 38
2142 6
2143 9
2144 12
2145 12
2146 6
2147 12
2148 39
2149 37
2150 37
2151 12
2152 12
2153 6
2154 37
2155 37
2156 37
2157 6
2158 12
2159 6
2160 12
2161 9
2162 37
2163 37
2164 37
2165 37
2166 6
2167 37
2168 12
2169 12
2170 12
2171 12
2172 9
2173 12
2174 12
2175 37
2176 10
2177 10
2178 11
2179 37
2180 2
2181 70
2182 35
2183 6
2184 12
2185 12
2186 37
2187 6
2188 37
2189 6
2190 39
2191 9
2192 12
2193 9
2194 12
2195 15
2196 6
2197 9
2198 9
2199 9
2200 6
2201 12
2202 9
2203 33
2204 9
2205 9
2206 12
2207 9
2208 9
2209 6
2210 9
2211 6
2212 9
2213 9
2214 38
2215 12
2216 9
2217 6
2218 12
2219 9
2220 14
2221 12
2222 6
2223 6
2224 9
2225 9
2226 6
2227 4
2228 9
2229 9
2230 9
2231 6
2232 6
2233 6
2234 9
2235 6
2236 37
2237 9
2238 6
2239 12
2240 6
2241 12
2242 9
2243 12
2244 9
2245 6
2246 12
2247 37
2248 6
2249 9
2250 9
2251 9
2252 6
2253 9
2254 9
2255 6
2256 38
2257 38
2258 37
2259 9
2260 6
2261 27
2262 38
2263 9
2264 9
2265 5
2266 6
2267 39
2268 12
2269 1
2270 9
2271 9
2272 9
2273 6
2274 6
2275 6
2276 37
2277 6
2278 6
2279 9
2280 11
2281 64
2282 38
2283 9
2284 38
2285 1
2286 12
2287 70
2288 6
2289 6
2290 6
2291 9
2292 12
2293 6
2294 37
2295 9
2296 9
2297 6
2298 38
2299 11
2300 6
2301 31
2302 11
2303 12
2304 9
2305 37
2306 12
2307 9
2308 9
2309 6
2310 6
2311 6
2312 6
2313 9
2314 6
2315 6
2316 9
2317 6
2318 9
2319 9
2320 9
2321 9
2322 6
2323 27
2324 6
2325 6
2326 9
2327 6
2328 6
2329 6
2330 9
2331 6
2332 6
2333 9
2334 12
2335 6
2336 9
2337 12
2338 9
2339 6
2340 6
2341 6
2342 12
2343 37
2344 38
2345 9
2346 9
2347 30
2348 9
2349 9
2350 38
2351 38
2352 9
2353 6
2354 38
2355 38
2356 38
2357 9
2358 9
2359 6
2360 30
2361 12
2362 6
2363 6
2364 12
2365 6
2366 6
2367 6
2368 12
2369 12
2370 78
2371 6
2372 9
2373 12
2374 38
2375 9
2376 11
2377 38
2378 9
2379 6
2380 38
2381 38
2382 6
2383 9
2384 19
2385 68
2386 6
2387 12
2388 9
2389 6
2390 6
2391 12
2392 6
2393 37
2394 9
2395 6
2396 9
2397 9
2398 6
2399 6
2400 9
2401 38
2402 68
2403 68
2404 6
2405 12
2406 9
2407 9
2408 12
2409 9
2410 6
2411 68
2412 68
2413 12
2414 37
2415 12
2416 6
2417 9
2418 6
2419 12
2420 6
2421 9
2422 9
2423 12
2424 6
2425 38
2426 9
2427 9
2428 9
2429 12
2430 9
2431 6
2432 6
2433 38
2434 9
2435 44
2436 12
2437 6
2438 9
2439 6
2440 6
2441 6
2442 12
2443 9
2444 9
2445 6
2446 12
2447 6
2448 6
2449 37
2450 37
2451 37
2452 6
2453 6
2454 6
2455 9
2456 6
2457 12
2458 6
2459 6
2460 6
2461 9
2462 6
2463 37
2464 6
2465 6
2466 12
2467 12
2468 37
2469 37
2470 9
2471 6
2472 12
2473 6
2474 9
2475 9
2476 44
2477 37
2478 9
2479 9
2480 9
2481 6
2482 6
2483 6
2484 6
2485 6
2486 38
2487 9
2488 13
2489 6
2490 38
2491 6
2492 9
2493 37
2494 9
2495 38
2496 9
2497 5
2498 12
2499 37
2500 9
2501 6
2502 11
2503 38
2504 6
2505 6
2506 9
2507 9
2508 12
2509 30
2510 6
2511 27
2512 15
2513 78
2514 6
2515 9
2516 6
2517 40
2518 9
2519 6
2520 12
2521 9
2522 9
2523 6
2524 9
2525 6
2526 9
2527 9
2528 6
2529 6
2530 9
2531 6
2532 15
2533 9
2534 12
2535 9
2536 9
2537 6
2538 6
2539 6
2540 9
2541 9
2542 9
2543 37
2544 6
2545 6
2546 9
2547 6
2548 6
2549 9
2550 27
2551 12
2552 6
2553 6
2554 12
2555 6
2556 6
2557 68
2558 37
2559 5
2560 9
2561 9
2562 9
2563 9
2564 9
2565 9
2566 9
2567 11
2568 9
2569 6
2570 6
2571 12
2572 25
2573 12
2574 12
2575 6
2576 38
2577 38
2578 38
2579 12
2580 38
2581 38
2582 6
2583 82
2584 6
2585 38
2586 9
2587 37
2588 12
2589 12
2590 2
2591 43
2592 6
2593 45
2594 6
2595 6
2596 9
2597 12
2598 6
2599 9
2600 9
2601 38
2602 8
2603 6
2604 44
2605 12
2606 6
2607 6
2608 36
2609 9
2610 9
2611 9
2612 6
2613 4
2614 12
2615 9
2616 9
2617 69
2618 9
2619 37
2620 37
2621 6
2622 38
2623 9
2624 5
2625 36
2626 9
2627 37
2628 12
2629 9
2630 6
2631 68
2632 37
2633 9
2634 9
2635 12
2636 6
2637 38
2638 9
2639 6
2640 6
2641 6
2642 6
2643 37
2644 12
2645 6
2646 6
2647 38
2648 43
2649 6
2650 38
2651 6
2652 6
2653 9
2654 9
2655 6
2656 61
2657 12
2658 6
2659 6
2660 38
2661 9
2662 37
2663 6
2664 6
2665 20
2666 9
2667 43
2668 43
2669 20
2670 36
2671 6
2672 6
2673 6
2674 6
2675 6
2676 37
2677 6
2678 11
2679 36
2680 12
2681 36
2682 36
2683 9
2684 9
2685 9
2686 9
2687 37
2688 12
2689 36
2690 12
2691 12
2692 12
2693 12
2694 11
2695 37
2696 12
2697 82
2698 37
2699 12
2700 37
2701 9
2702 37
2703 37
2704 37
2705 37
2706 12
2707 6
2708 68
2709 37
2710 6
2711 33
2712 37
2713 38
2714 6
2715 20
2716 6
2717 37
2718 6
2719 12
2720 6
2721 6
2722 12
2723 12
2724 7
2725 5
2726 16
2727 6
2728 6
2729 6
2730 83
2731 31
2732 6
2733 37
2734 6
2735 15
2736 12
2737 48
2738 12
2739 6
2740 12
2741 44
2742 6
2743 6
2744 37
2745 6
2746 6
2747 6
2748 37
2749 44
2750 6
2751 12
2752 6
2753 32
2754 6
2755 12
2756 33
2757 33
2758 6
2759 6
2760 37
2761 6
2762 6
2763 6
2764 6
2765 11
2766 37
2767 6
2768 37
2769 11
2770 37
2771 6
2772 11
2773 12
2774 34
2775 12
2776 82
2777 12
2778 6
2779 6
2780 37
2781 82
2782 37
2783 6
2784 37
2785 37
2786 33
2787 11
2788 82
2789 37
2790 12
2791 81
2792 12
2793 6
2794 12
2795 6
2796 6
2797 12
2798 6
2799 68
2800 12
2801 39
2802 6
2803 12
2804 6
2805 37
2806 6
2807 6
2808 6
2809 6
2810 6
2811 44
2812 12
2813 6
2814 93
2815 12
2816 6
2817 12
2818 12
2819 12
2820 6
2821 37
2822 6
2823 37
2824 6
2825 36
2826 37
2827 37
2828 12
2829 6
2830 37
2831 96
2832 6
2833 12
2834 44
2835 6
2836 12
2837 6
2838 9
2839 37
2840 6
2841 6
2842 37
2843 6
2844 57
2845 6
2846 6
2847 12
2848 6
2849 6
2850 6
2851 6
2852 6
2853 6
2854 6
2855 6
2856 12
2857 12
2858 12
2859 6
2860 6
2861 6
2862 12
2863 37
2864 6
2865 6
2866 44
2867 6
2868 12
2869 19
2870 19
2871 6
2872 37
2873 37
2874 6
2875 6
2876 6
2877 12
2878 12
2879 44
2880 12
2881 5
2882 6
2883 5
2884 48
2885 6
2886 9
2887 6
2888 6
2889 12
2890 37
2891 6
2892 12
2893 12
2894 37
2895 39
2896 6
2897 9
2898 37
2899 26
2900 12
2901 22
2902 6
2903 17
2904 37
2905 12
2906 76
2907 6
2908 20
2909 6
2910 6
2911 6
2912 6
2913 6
2914 6
2915 12
2916 6
2917 6
2918 12
2919 6
2920 6
2921 6
2922 85
2923 6
2924 12
2925 6
2926 6
2927 6
2928 6
2929 12
2930 6
2931 6
2932 6
2933 11
2934 23
2935 12
2936 37
2937 12
2938 36
2939 12
2940 58
2941 12
2942 90
2943 12
2944 12
2945 12
2946 12
2947 9
2948 12
2949 12
2950 6
2951 8
2952 6
2953 37
2954 9
2955 6
2956 37
2957 12
2958 9
2959 19
2960 6
2961 9
2962 19
2963 37
2964 37
2965 9
2966 12
2967 12
2968 6
2969 6
2970 12
2971 33
2972 6
2973 69
2974 69
2975 12
2976 12
2977 9
2978 12
2979 37
2980 8
2981 12
2982 12
2983 12
2984 37
2985 12
2986 12
2987 16
2988 12
2989 12
2990 37
2991 12
2992 9
2993 9
2994 12
2995 12
2996 37
2997 12
2998 9
2999 69
3000 6
3001 12
3002 6
3003 6
3004 9
3005 70
3006 12
3007 12
3008 6
3009 6
3010 6
3011 6
3012 94
3013 38
3014 9
3015 37
3016 9
3017 44
3018 12
3019 6
3020 44
3021 6
3022 12
3023 6
3024 6
3025 6
3026 6
3027 38
3028 38
3029 9
3030 6
3031 9
3032 6
3033 6
3034 12
3035 6
3036 89
3037 37
3038 89
3039 6
3040 12
3041 6
3042 48
3043 6
3044 6
3045 9
3046 6
3047 9
3048 9
3049 94
3050 9
3051 6
3052 9
3053 9
3054 9
3055 37
3056 37
3057 6
3058 12
3059 38
3060 9
3061 38
3062 6
3063 6
3064 37
3065 37
3066 12
3067 9
3068 9
3069 9
3070 9
3071 6
3072 38
3073 9
3074 9
3075 9
3076 6
3077 9
3078 6
3079 37
3080 9
3081 9
3082 6
3083 9
3084 12
3085 33
3086 6
3087 6
3088 37
3089 6
3090 6
3091 9
3092 37
3093 12
3094 37
3095 9
3096 37
3097 68
3098 9
3099 38
3100 37
3101 9
3102 37
3103 9
3104 47
3105 6
3106 6
3107 6
3108 6
3109 12
3110 38
3111 9
3112 9
3113 38
3114 6
3115 6
3116 6
3117 9
3118 12
3119 38
3120 38
3121 38
3122 44
3123 9
3124 6
3125 12
3126 9
3127 6
3128 38
3129 6
3130 6
3131 12
3132 9
3133 9
3134 9
3135 9
3136 9
3137 38
3138 38
3139 6
3140 6
3141 37
3142 21
3143 12
3144 12
3145 12
3146 9
3147 37
3148 9
3149 9
3150 38
3151 38
3152 6
3153 9
3154 6
3155 37
3156 6
3157 46
3158 6
3159 6
3160 6
3161 37
3162 6
3163 9
3164 6
3165 12
3166 6
3167 9
3168 33
3169 9
3170 6
3171 6
3172 38
3173 9
3174 12
3175 6
3176 9
3177 6
3178 9
3179 9
3180 6
3181 9
3182 38
3183 6
3184 9
3185 6
3186 6
3187 12
3188 6
3189 6
3190 11
3191 6
3192 9
3193 9
3194 37
3195 6
3196 6
3197 9
3198 12
3199 9
3200 38
3201 9
3202 9
3203 6
3204 12
3205 12
3206 38
3207 6
3208 9
3209 6
3210 9
3211 6
3212 12
3213 6
3214 37
3215 12
3216 6
3217 6
3218 6
3219 6
3220 5
3221 38
3222 9
3223 6
3224 6
3225 9
3226 9
3227 12
3228 9
3229 39
3230 1
3231 6
3232 6
3233 70
3234 9
3235 6
3236 9
3237 5
3238 29
3239 9
3240 7
3241 37
3242 12
3243 35
3244 12
3245 6
3246 9
3247 9
3248 6
3249 12
3250 6
3251 9
3252 9
3253 6
3254 6
3255 6
3256 17
3257 9
3258 6
3259 9
3260 9
3261 9
3262 6
3263 12
3264 9
3265 6
3266 38
3267 12
3268 12
3269 12
3270 9
3271 12
3272 17
3273 6
3274 12
3275 37
3276 12
3277 12
3278 6
3279 12
3280 12
3281 6
3282 12
3283 6
3284 12
3285 12
3286 6
3287 12
3288 37
3289 6
3290 12
3291 4
3292 37
3293 6
3294 9
3295 21
3296 12
3297 6
3298 6
3299 12
3300 37
3301 6
3302 6
3303 37
3304 6
3305 37
3306 9
3307 19
3308 37
3309 9
3310 6
3311 37
3312 9
3313 9
3314 12
3315 6
3316 6
3317 11
3318 9
3319 9
3320 9
3321 37
3322 9
3323 6
3324 6
3325 9
3326 37
3327 4
3328 37
3329 37
3330 6
3331 37
3332 9
3333 12
3334 12
3335 12
3336 6
3337 6
3338 12
3339 9
3340 9
3341 6
3342 38
3343 6
3344 6
3345 44
3346 9
3347 48
3348 37
3349 6
3350 9
3351 12
3352 9
3353 6
3354 37
3355 6
3356 6
3357 44
3358 12
3359 6
3360 9
3361 9
3362 12
3363 12
3364 12
3365 6
3366 9
3367 38
3368 6
3369 82
3370 6
3371 9
3372 9
3373 9
3374 37
3375 38
3376 9
3377 5
3378 12
3379 9
3380 6
3381 6
3382 9
3383 38
3384 6
3385 12
3386 9
3387 9
3388 9
3389 9
3390 9
3391 6
3392 6
3393 38
3394 6
3395 38
3396 6
3397 12
3398 6
3399 6
3400 37
3401 9
3402 6
3403 38
3404 38
3405 38
3406 12
3407 6
3408 38
3409 0
3410 9
3411 9
3412 20
3413 9
3414 6
3415 12
3416 9
3417 9
3418 6
3419 9
3420 13
3421 44
3422 44
3423 38
3424 6
3425 9
3426 12
3427 9
3428 68
3429 12
3430 6
3431 9
3432 6
3433 9
3434 37
3435 9
3436 12
3437 9
3438 9
3439 6
3440 9
3441 28
3442 9
3443 38
3444 6
3445 9
3446 6
3447 6
3448 12
3449 9
3450 10
3451 38
3452 15
3453 9
3454 6
3455 12
3456 6
3457 9
3458 9
3459 9
3460 9
3461 6
3462 6
3463 9
3464 9
3465 6
3466 6
3467 37
3468 12
3469 9
3470 6
3471 9
3472 6
3473 9
3474 9
3475 9
3476 38
3477 38
3478 9
3479 10
3480 38
3481 38
3482 38
3483 9
3484 38
3485 38
3486 38
3487 44
3488 6
3489 9
3490 12
3491 12
3492 6
3493 22
3494 12
3495 6
3496 6
3497 38
3498 9
3499 6
3500 9
3501 6
3502 12
3503 12
3504 78
3505 44
3506 51
3507 6
3508 9
3509 38
3510 37
3511 38
3512 27
3513 38
3514 6
3515 33
3516 9
3517 38
3518 6
3519 38
3520 33
3521 9
3522 37
3523 38
3524 9
3525 39
3526 6
3527 39
3528 27
3529 6
3530 12
3531 9
3532 6
3533 9
3534 9
3535 12
3536 95
3537 6
3538 33
3539 33
3540 68
3541 68
3542 12
3543 9
3544 6
3545 9
3546 6
3547 33
3548 12
3549 37
3550 9
3551 6
3552 12
3553 24
3554 6
3555 40
3556 68
3557 68
3558 9
3559 6
3560 37
3561 9
3562 38
3563 5
3564 12
3565 68
3566 68
3567 68
3568 6
3569 6
3570 3
3571 37
3572 9
3573 6
3574 12
3575 9
3576 40
3577 39
3578 9
3579 38
3580 9
3581 9
3582 6
3583 39
3584 6
3585 9
3586 6
3587 6
3588 6
3589 6
3590 39
3591 6
3592 6
3593 12
3594 12
3595 37
3596 12
3597 12
3598 12
3599 6
3600 6
3601 12
3602 38
3603 9
3604 6
3605 6
3606 12
3607 27
3608 6
3609 99
3610 6
3611 12
3612 12
3613 12
3614 37
3615 4
3616 37
3617 37
3618 38
3619 12
3620 37
3621 9
3622 5
3623 9
3624 19
3625 12
3626 79
3627 6
3628 59
3629 6
3630 9
3631 37
3632 12
3633 12
3634 12
3635 37
3636 6
3637 37
3638 37
3639 6
3640 12
3641 12
3642 6
3643 12
3644 37
3645 6
3646 48
3647 12
3648 38
3649 37
3650 5
3651 12
3652 12
3653 12
3654 12
3655 12
3656 9
3657 9
3658 6
3659 12
3660 12
3661 6
3662 12
3663 37
3664 15
3665 48
3666 37
3667 9
3668 9
3669 6
3670 6
3671 9
3672 12
3673 44
3674 9
3675 17
3676 33
3677 9
3678 37
3679 12
3680 48
3681 37
3682 12
3683 9
3684 6
3685 9
3686 9
3687 9
3688 6
3689 6
3690 38
3691 12
3692 9
3693 12
3694 37
3695 9
3696 9
3697 9
3698 9
3699 6
3700 6
3701 9
3702 6
3703 37
3704 6
3705 38
3706 9
3707 6
3708 9
3709 6
3710 12
3711 12
3712 6
3713 6
3714 9
3715 12
3716 6
3717 9
3718 9
3719 38
3720 12
3721 9
3722 4
3723 9
3724 39
3725 27
3726 12
3727 9
3728 6
3729 68
3730 12
3731 6
3732 6
3733 10
3734 12
3735 37
3736 12
3737 6
3738 18
3739 12
3740 6
3741 9
3742 12
3743 6
3744 37
3745 10
3746 9
3747 38
3748 9
3749 0
3750 17
3751 6
3752 6
3753 9
3754 9
3755 6
3756 9
3757 6
3758 33
3759 68
3760 9
3761 6
3762 9
3763 6
3764 37
3765 9
3766 12
3767 6
3768 9
3769 6
3770 38
3771 82
3772 12
3773 9
3774 6
3775 6
3776 37
3777 12
3778 6
3779 9
3780 9
3781 6
3782 6
3783 6
3784 12
3785 37
3786 38
3787 38
3788 37
3789 38
3790 9
3791 6
3792 6
3793 12
3794 38
3795 9
3796 9
3797 9
3798 12
3799 6
3800 38
3801 9
3802 9
3803 12
3804 5
3805 37
3806 9
3807 6
3808 9
3809 9
3810 6
3811 9
3812 9
3813 37
3814 38
3815 38
3816 9
3817 12
3818 6
3819 68
3820 38
3821 37
3822 18
3823 44
3824 12
3825 6
3826 9
3827 9
3828 6
3829 9
3830 38
3831 6
3832 6
3833 6
3834 38
3835 9
3836 38
3837 38
3838 9
3839 38
3840 9
3841 6
3842 6
3843 6
3844 9
3845 6
3846 9
3847 6
3848 9
3849 39
3850 6
3851 6
3852 6
3853 12
3854 6
3855 12
3856 12
3857 38
3858 6
3859 12
3860 12
3861 6
3862 12
3863 9
3864 38
3865 12
3866 12
3867 52
3868 12
3869 38
3870 6
3871 37
3872 37
3873 12
3874 12
3875 12
3876 12
3877 63
3878 12
3879 12
3880 38
3881 12
3882 6
3883 37
3884 12
3885 12
3886 37
3887 12
3888 12
3889 9
3890 12
3891 72
3892 12
3893 12
3894 12
3895 37
3896 12
3897 12
3898 37
3899 37
3900 6
3901 38
3902 37
3903 6
3904 12
3905 37
3906 37
3907 9
3908 37
3909 6
3910 37
3911 12
3912 6
3913 37
3914 6
3915 12
3916 37
3917 37
3918 37
3919 37
3920 37
3921 12
3922 12
3923 37
3924 12
3925 6
3926 48
3927 37
3928 48
3929 37
3930 37
3931 9
3932 12
3933 37
3934 9
3935 12
3936 37
3937 12
3938 6
3939 12
3940 37
3941 6
3942 12
3943 9
3944 12
3945 6
3946 44
3947 12
3948 6
3949 12
3950 38
3951 6
3952 6
3953 6
3954 6
3955 9
3956 6
3957 38
3958 9
3959 6
3960 78
3961 6
3962 9
3963 6
3964 38
3965 9
3966 9
3967 9
3968 9
3969 9
3970 12
3971 6
3972 44
3973 9
3974 37
3975 62
3976 9
3977 6
3978 1
3979 9
3980 12
3981 6
3982 12
3983 37
3984 6
3985 9
3986 9
3987 6
3988 9
3989 12
3990 38
3991 6
3992 9
3993 6
3994 6
3995 6
3996 9
3997 9
3998 9
3999 6
4000 9
4001 9
4002 38
4003 37
4004 27
4005 12
4006 6
4007 9
4008 37
4009 44
4010 48
4011 12
4012 6
4013 48
4014 6
4015 9
4016 12
4017 6
4018 37
4019 37
4020 9
4021 6
4022 12
4023 12
4024 6
4025 54
4026 5
4027 9
4028 9
4029 12
4030 6
4031 9
4032 9
4033 6
4034 12
4035 38
4036 9
4037 9
4038 9
4039 6
4040 9
4041 6
4042 9
4043 6
4044 6
4045 6
4046 68
4047 9
4048 9
4049 6
4050 6
4051 6
4052 6
4053 6
4054 9
4055 37
4056 12
4057 9
4058 9
4059 12
4060 6
4061 6
4062 6
4063 38
4064 48
4065 9
4066 9
4067 6
4068 6
4069 6
4070 9
4071 12
4072 12
4073 12
4074 6
4075 9
4076 30
4077 33
4078 38
4079 12
4080 9
4081 37
4082 48
4083 11
4084 9
4085 9
4086 9
4087 9
4088 4
4089 2
4090 6
4091 6
4092 9
4093 38
4094 6
4095 12
4096 12
4097 37
4098 6
4099 6
4100 6
4101 6
4102 9
4103 6
4104 38
4105 12
4106 6
4107 6
4108 38
4109 6
4110 9
4111 9
4112 6
4113 9
4114 6
4115 9
4116 38
4117 6
4118 6
4119 9
4120 9
4121 9
4122 38
4123 9
4124 6
4125 12
4126 9
4127 9
4128 6
4129 6
4130 12
4131 6
4132 6
4133 9
4134 9
4135 6
4136 7
4137 9
4138 38
4139 9
4140 9
4141 9
4142 9
4143 6
4144 6
4145 9
4146 6
4147 6
4148 6
4149 6
4150 9
4151 38
4152 9
4153 9
4154 6
4155 6
4156 12
4157 6
4158 9
4159 9
4160 9
4161 38
4162 38
4163 6
4164 6
4165 5
4166 6
4167 9
4168 12
4169 6
4170 9
4171 6
4172 9
4173 9
4174 82
4175 6
4176 12
4177 6
4178 6
4179 9
4180 43
4181 9
4182 5
4183 9
4184 9
4185 6
4186 6
4187 6
4188 38
4189 38
4190 43
4191 6
4192 6
4193 9
4194 6
4195 6
4196 6
4197 6
4198 9
4199 9
4200 9
4201 9
4202 9
4203 37
4204 6
4205 38
4206 62
4207 6
4208 12
4209 37
4210 6
4211 38
4212 12
4213 38
4214 6
4215 12
4216 6
4217 6
4218 6
4219 30
4220 9
4221 12
4222 12
4223 38
4224 38
4225 38
4226 9
4227 12
4228 9
4229 6
4230 38
4231 9
4232 6
4233 12
4234 6
4235 9
4236 6
4237 6
4238 9
4239 38
4240 6
4241 9
4242 6
4243 9
4244 6
4245 6
4246 12
4247 17
4248 6
4249 6
4250 6
4251 9
4252 6
4253 4
4254 37
4255 37
4256 48
4257 37
4258 6
4259 37
4260 37
4261 6
4262 6
4263 12
4264 2
4265 6
4266 12
4267 48
4268 37
4269 37
4270 12
4271 48
4272 48
4273 37
4274 37
4275 12
4276 12
4277 37
4278 9
4279 37
4280 37
4281 9
4282 8
4283 12
4284 37
4285 10
4286 37
4287 4
4288 37
4289 37
4290 48
4291 37
4292 37
4293 12
4294 6
4295 12
4296 12
4297 12
4298 6
4299 6
4300 6
4301 12
4302 12
4303 48
4304 37
4305 37
4306 12
4307 6
4308 9
4309 12
4310 9
4311 6
4312 37
4313 12
4314 9
4315 12
4316 37
4317 9
4318 12
4319 37
4320 6
4321 9
4322 9
4323 9
4324 38
4325 31
4326 6
4327 9
4328 9
4329 9
4330 9
4331 9
4332 6
4333 6
4334 6
4335 6
4336 38
4337 37
4338 6
4339 6
4340 6
4341 9
4342 6
4343 12
4344 6
4345 12
4346 6
4347 38
4348 12
4349 6
4350 9
4351 9
4352 9
4353 5
4354 12
4355 6
4356 6
4357 9
4358 6
4359 48
4360 9
4361 9
4362 12
4363 6
4364 9
4365 9
4366 9
4367 37
4368 37
4369 6
4370 9
4371 9
4372 9
4373 9
4374 9
4375 9
4376 6
4377 92
4378 12
4379 44
4380 6
4381 6
4382 38
4383 23
4384 9
4385 9
4386 9
4387 38
4388 9
4389 9
4390 9
4391 6
4392 9
4393 6
4394 12
4395 6
4396 6
4397 37
4398 6
4399 37
4400 82
4401 50
4402 6
4403 9
4404 6
4405 9
4406 6
4407 12
4408 9
4409 6
4410 12
4411 9
4412 12
4413 12
4414 6
4415 6
4416 9
4417 6
4418 6
4419 9
4420 6
4421 9
4422 9
4423 6
4424 9
4425 6
4426 6
4427 9
4428 12
4429 6
4430 37
4431 9
4432 6
4433 12
4434 12
4435 9
4436 9
4437 9
4438 6
4439 12
4440 9
4441 9
4442 9
4443 9
4444 38
4445 38
4446 12
4447 30
4448 12
4449 9
4450 6
4451 12
4452 9
4453 9
4454 9
4455 10
4456 12
4457 10
4458 9
4459 6
4460 9
4461 12
4462 9
4463 9
4464 9
4465 6
4466 12
4467 9
4468 6
4469 37
4470 6
4471 27
4472 38
4473 12
4474 9
4475 13
4476 9
4477 6
4478 6
4479 6
4480 6
4481 6
4482 6
4483 6
4484 12
4485 9
4486 9
4487 9
4488 9
4489 9
4490 38
4491 9
4492 9
4493 9
4494 9
4495 6
4496 9
4497 38
4498 9
4499 9
4500 12
4501 5
4502 9
4503 9
4504 9
4505 38
4506 6
4507 6
4508 6
4509 9
4510 38
4511 6
4512 9
4513 6
4514 9
4515 9
4516 29
4517 38
4518 9
4519 9
4520 9
4521 37
4522 38
4523 9
4524 9
4525 9
4526 9
4527 6
4528 9
4529 6
4530 6
4531 9
4532 38
4533 9
4534 6
4535 19
4536 9
4537 12
4538 12
4539 9
4540 12
4541 19
4542 12
4543 9
4544 37
4545 12
4546 6
4547 19
4548 9
4549 9
4550 12
4551 90
4552 82
4553 33
4554 33
4555 12
4556 37
4557 37
4558 9
4559 12
4560 12
4561 6
4562 12
4563 37
4564 37
4565 88
4566 30
4567 6
4568 6
4569 7
4570 12
4571 12
4572 6
4573 12
4574 48
4575 48
4576 6
4577 9
4578 6
4579 6
4580 37
4581 12
4582 12
4583 37
4584 6
4585 6
4586 35
4587 12
4588 9
4589 6
4590 9
4591 6
4592 12
4593 18
4594 11
4595 9
4596 82
4597 12
4598 12
4599 9
4600 9
4601 9
4602 38
4603 9
4604 9
4605 38
4606 6
4607 12
4608 6
4609 9
4610 6
4611 12
4612 38
4613 9
4614 9
4615 6
4616 6
4617 6
4618 37
4619 89
4620 9
4621 12
4622 6
4623 9
4624 12
4625 12
4626 37
4627 9
4628 9
4629 6
4630 6
4631 78
4632 9
4633 9
4634 6
4635 6
4636 9
4637 9
4638 38
4639 9
4640 38
4641 12
4642 38
4643 37
4644 9
4645 6
4646 9
4647 9
4648 9
4649 12
4650 6
4651 38
4652 9
4653 6
4654 9
4655 9
4656 21
4657 6
4658 6
4659 9
4660 12
4661 68
4662 12
4663 6
4664 9
4665 9
4666 9
4667 6
4668 37
4669 6
4670 6
4671 6
4672 38
4673 38
4674 9
4675 38
4676 12
4677 6
4678 12
4679 6
4680 9
4681 9
4682 9
4683 6
4684 9
4685 9
4686 9
4687 12
4688 6
4689 12
4690 9
4691 9
4692 12
4693 6
4694 33
4695 9
4696 9
4697 6
4698 6
4699 37
4700 9
4701 37
4702 6
4703 5
4704 38
4705 6
4706 12
4707 6
4708 6
4709 6
4710 12
4711 9
4712 9
4713 38
4714 81
4715 9
4716 26
4717 6
4718 12
4719 21
4720 6
4721 6
4722 6
4723 12
4724 16
4725 9
4726 9
4727 9
4728 9
4729 38
4730 6
4731 26
4732 12
4733 9
4734 9
4735 9
4736 6
4737 38
4738 38
4739 38
4740 38
4741 6
4742 12
4743 6
4744 6
4745 9
4746 6
4747 6
4748 9
4749 6
4750 38
4751 12
4752 12
4753 38
4754 6
4755 9
4756 6
4757 27
4758 6
4759 12
4760 12
4761 6
4762 6
4763 6
4764 6
4765 9
4766 38
4767 6
4768 6
4769 38
4770 6
4771 6
4772 9
4773 38
4774 6
4775 38
4776 9
4777 12
4778 9
4779 6
4780 6
4781 5
4782 37
4783 9
4784 38
4785 6
4786 6
4787 37
4788 9
4789 6
4790 12
4791 12
4792 9
4793 38
4794 38
4795 38
4796 38
4797 6
4798 9
4799 9
4800 6
4801 9
4802 9
4803 12
4804 6
4805 6
4806 9
4807 6
4808 38
4809 6
4810 6
4811 9
4812 6
4813 9
4814 38
4815 38
4816 37
4817 7
4818 6
4819 9
4820 6
4821 66
4822 9
4823 9
4824 6
4825 6
4826 6
4827 6
4828 6
4829 6
4830 38
4831 38
4832 6
4833 9
4834 9
4835 6
4836 9
4837 11
4838 9
4839 6
4840 12
4841 12
4842 9
4843 6
4844 6
4845 9
4846 6
4847 6
4848 6
4849 6
4850 9
4851 9
4852 9
4853 38
4854 6
4855 6
4856 6
4857 9
4858 5
4859 12
4860 6
4861 6
4862 6
4863 6
4864 38
4865 6
4866 37
4867 9
4868 38
4869 6
4870 6
4871 6
4872 6
4873 17
4874 6
4875 38
4876 6
4877 6
4878 38
4879 12
4880 6
4881 12
4882 38
4883 38
4884 37
4885 12
4886 12
4887 12
4888 12
4889 6
4890 38
4891 6
4892 38
4893 12
4894 37
4895 37
4896 5
4897 48
4898 37
4899 12
4900 38
4901 37
4902 37
4903 6
4904 37
4905 12
4906 6
4907 6
4908 37
4909 37
4910 37
4911 19
4912 92
4913 37
4914 19
4915 37
4916 37
4917 9
4918 37
4919 37
4920 4
4921 12
4922 19
4923 9
4924 10
4925 37
4926 12
4927 12
4928 9
4929 38
4930 19
4931 6
4932 9
4933 27
4934 48
4935 48
4936 48
4937 9
4938 4
4939 38
4940 48
4941 12
4942 37
4943 37
4944 37
4945 37
4946 38
4947 37
4948 12
4949 12
4950 37
4951 37
4952 6
4953 6
4954 10
4955 12
4956 16
4957 2
4958 12
4959 6
4960 6
4961 37
4962 9
4963 37
4964 9
4965 44
4966 6
4967 6
4968 6
4969 9
4970 6
4971 6
4972 6
4973 6
4974 6
4975 6
4976 38
4977 37
4978 12
4979 9
4980 6
4981 9
4982 6
4983 38
4984 38
4985 9
4986 9
4987 37
4988 9
4989 6
4990 49
4991 12
4992 17
4993 6
4994 9
4995 6
4996 9
4997 12
4998 48
4999 37
5000 38
5001 37
5002 6
5003 8
5004 9
5005 6
5006 6
5007 6
5008 6
5009 9
5010 9
5011 48
5012 12
5013 6
5014 9
5015 9
5016 12
5017 12
5018 9
5019 37
5020 6
5021 38
5022 9
5023 12
5024 6
5025 9
5026 12
5027 6
5028 37
5029 38
5030 38
5031 6
5032 9
5033 5
5034 6
5035 9
5036 6
5037 12
5038 6
5039 38
5040 6
5041 37
5042 12
5043 9
5044 6
5045 4
5046 6
5047 9
5048 9
5049 9
5050 9
5051 12
5052 6
5053 68
5054 1
5055 6
5056 9
5057 6
5058 6
5059 6
5060 38
5061 6
5062 37
5063 37
5064 6
5065 9
5066 9
5067 6
5068 38
5069 6
5070 12
5071 9
5072 6
5073 6
5074 6
5075 38
5076 6
5077 9
5078 9
5079 6
5080 9
5081 6
5082 9
5083 38
5084 38
5085 9
5086 38
5087 9
5088 38
5089 38
5090 38
5091 9
5092 38
5093 37
5094 6
5095 38
5096 9
5097 12
5098 6
5099 12
5100 9
5101 12
5102 12
5103 40
5104 40
5105 6
5106 6
5107 6
5108 6
5109 6
5110 38
5111 22
5112 6
5113 12
5114 33
5115 6
5116 9
5117 9
5118 6
5119 6
5120 9
5121 9
5122 9
5123 6
5124 6
5125 6
5126 38
5127 6
5128 6
5129 6
5130 6
5131 6
5132 12
5133 11
5134 6
5135 9
5136 12
5137 6
5138 6
5139 12
5140 11
5141 6
5142 6
5143 6
5144 6
5145 38
5146 6
5147 9
5148 9
5149 12
5150 12
5151 9
5152 9
5153 9
5154 12
5155 6
5156 37
5157 6
5158 9
5159 38
5160 68
5161 68
5162 37
5163 6
5164 68
5165 68
5166 6
5167 12
5168 12
5169 6
5170 9
5171 6
5172 37
5173 9
5174 9
5175 9
5176 6
5177 6
5178 9
5179 37
5180 9
5181 6
5182 6
5183 6
5184 9
5185 9
5186 9
5187 6
5188 9
5189 9
5190 9
5191 6
5192 6
5193 9
5194 38
5195 6
5196 9
5197 12
5198 12
5199 6
5200 6
5201 9
5202 6
5203 38
5204 38
5205 6
5206 9
5207 6
5208 9
5209 12
5210 6
5211 38
5212 12
5213 12
5214 11
5215 6
5216 9
5217 9
5218 12
5219 12
5220 6
5221 9
5222 38
5223 38
5224 38
5225 38
5226 12
5227 30
5228 12
5229 37
5230 12
5231 12
5232 12
5233 12
5234 9
5235 9
5236 6
5237 12
5238 4
5239 4
5240 37
5241 6
5242 9
5243 33
5244 12
5245 37
5246 37
5247 6
5248 12
5249 91
5250 6
5251 37
5252 9
5253 48
5254 48
5255 37
5256 37
5257 37
5258 48
5259 37
5260 12
5261 12
5262 6
5263 68
5264 12
5265 27
5266 6
5267 6
5268 12
5269 37
5270 12
5271 12
5272 6
5273 6
5274 9
5275 9
5276 38
5277 37
5278 12
5279 12
5280 6
5281 6
5282 12
5283 9
5284 6
5285 6
5286 43
5287 33
5288 6
5289 6
5290 44
5291 15
5292 12
5293 6
5294 6
5295 6
5296 38
5297 12
5298 12
5299 6
5300 6
5301 6
5302 6
5303 6
5304 37
5305 9
5306 6
5307 6
5308 12
5309 38
5310 38
5311 6
5312 9
5313 6
5314 6
5315 6
5316 6
5317 6
5318 6
5319 68
5320 38
5321 6
5322 6
5323 38
5324 12
5325 6
5326 6
5327 9
5328 6
5329 9
5330 9
5331 6
5332 9
5333 9
5334 38
5335 12
5336 9
5337 9
5338 6
5339 6
5340 19
5341 9
5342 9
5343 9
5344 27
5345 38
5346 6
5347 6
5348 9
5349 9
5350 19
5351 38
5352 38
5353 9
5354 6
5355 12
5356 38
5357 37
5358 38
5359 12
5360 14
5361 9
5362 38
5363 9
5364 38
5365 44
5366 98
5367 6
5368 9
5369 6
5370 44
5371 12
5372 6
5373 68
5374 9
5375 12
5376 9
5377 68
5378 12
5379 9
5380 6
5381 6
5382 6
5383 6
5384 6
5385 37
5386 55
5387 6
5388 9
5389 6
5390 6
5391 6
5392 9
5393 19
5394 9
5395 9
5396 86
5397 38
5398 9
5399 38
5400 9
5401 86
5402 38
5403 9
5404 9
5405 38
5406 6
5407 6
5408 38
5409 38
5410 6
5411 9
5412 44
5413 52
5414 38
5415 7
5416 6
5417 6
5418 6
5419 6
5420 9
5421 6
5422 6
5423 6
5424 12
5425 6
5426 6
5427 6
5428 12
5429 9
5430 6
5431 9
5432 62
5433 9
5434 9
5435 9
5436 12
5437 6
5438 6
5439 38
5440 6
5441 6
5442 6
5443 40
5444 6
5445 6
5446 6
5447 12
5448 2
5449 6
5450 38
5451 9
5452 6
5453 3
5454 3
5455 9
5456 3
5457 6
5458 37
5459 6
5460 6
5461 12
5462 6
5463 6
5464 38
5465 9
5466 6
5467 12
5468 9
5469 9
5470 6
5471 38
5472 6
5473 5
5474 5
5475 6
5476 6
5477 12
5478 6
5479 6
5480 44
5481 6
5482 9
5483 68
5484 12
5485 6
5486 6
5487 6
5488 6
5489 37
5490 6
5491 6
5492 6
5493 9
5494 38
5495 27
5496 6
5497 6
5498 9
5499 6
5500 37
5501 37
5502 6
5503 9
5504 47
5505 9
5506 6
5507 12
5508 6
5509 19
5510 6
5511 25
5512 38
5513 9
5514 6
5515 6
5516 6
5517 6
5518 27
5519 9
5520 9
5521 38
5522 12
5523 9
5524 9
5525 9
5526 9
5527 12
5528 12
5529 6
5530 9
5531 9
5532 6
5533 6
5534 12
5535 9
5536 12
5537 37
5538 58
5539 80
5540 12
5541 12
5542 12
5543 12
5544 12
5545 37
5546 12
5547 6
5548 12
5549 37
5550 12
5551 12
5552 37
5553 12
5554 37
5555 12
5556 12
5557 6
5558 12
5559 6
5560 37
5561 12
5562 12
5563 12
5564 37
5565 19
5566 82
5567 9
5568 82
5569 12
5570 12
5571 12
5572 12
5573 37
5574 12
5575 22
5576 12
5577 9
5578 37
5579 6
5580 6
5581 6
5582 69
5583 27
5584 6
5585 12
5586 12
5587 12
5588 37
5589 9
5590 48
5591 37
5592 12
5593 37
5594 11
5595 28
5596 12
5597 37
5598 9
5599 6
5600 6
5601 6
5602 12
5603 37
5604 37
5605 37
5606 12
5607 6
5608 1
5609 9
5610 6
5611 6
5612 12
5613 9
5614 6
5615 6
5616 9
5617 6
5618 9
5619 12
5620 9
5621 12
5622 12
5623 9
5624 28
5625 12
5626 98
5627 9
5628 6
5629 6
5630 6
5631 9
5632 6
5633 38
5634 9
5635 9
5636 6
5637 32
5638 38
5639 9
5640 6
5641 9
5642 9
5643 9
5644 6
5645 9
5646 9
5647 9
5648 6
5649 6
5650 48
5651 9
5652 30
5653 11
5654 12
5655 40
5656 6
5657 9
5658 6
5659 9
5660 9
5661 6
5662 6
5663 19
5664 6
5665 6
5666 6
5667 9
5668 9
5669 9
5670 9
5671 6
5672 9
5673 12
5674 68
5675 37
5676 37
5677 6
5678 12
5679 9
5680 6
5681 6
5682 6
5683 12
5684 6
5685 6
5686 37
5687 9
5688 9
5689 6
5690 26
5691 9
5692 6
5693 6
5694 12
5695 38
5696 60
5697 9
5698 37
5699 9
5700 9
5701 12
5702 9
5703 6
5704 42
5705 65
5706 69
5707 6
5708 9
5709 9
5710 12
5711 12
5712 12
5713 6
5714 9
5715 9
5716 38
5717 12
5718 6
5719 14
5720 6
5721 6
5722 85
5723 6
5724 6
5725 6
5726 12
5727 9
5728 9
5729 6
5730 37
5731 12
5732 6
5733 9
5734 9
5735 9
5736 6
5737 6
5738 9
5739 12
5740 6
5741 9
5742 6
5743 9
5744 9
5745 9
5746 6
5747 6
5748 38
5749 38
5750 69
5751 6
5752 6
5753 38
5754 6
5755 38
5756 38
5757 12
5758 6
5759 6
5760 6
5761 6
5762 6
5763 6
5764 12
5765 6
5766 9
5767 9
5768 6
5769 9
5770 12
5771 9
5772 1
5773 33
5774 16
5775 9
5776 6
5777 33
5778 6
5779 6
5780 6
5781 9
5782 37
5783 84
5784 38
5785 38
5786 6
5787 9
5788 6
5789 12
5790 9
5791 6
5792 12
5793 12
5794 6
5795 6
5796 9
5797 37
5798 9
5799 9
5800 9
5801 9
5802 12
5803 90
5804 30
5805 12
5806 9
5807 12
5808 6
5809 12
5810 12
5811 38
5812 12
5813 8
5814 90
5815 12
5816 12
5817 12
5818 19
5819 9
5820 12
5821 9
5822 19
5823 37
5824 9
5825 6
5826 9
5827 82
5828 6
5829 9
5830 12
5831 37
5832 12
5833 37
5834 6
5835 12
5836 37
5837 12
5838 8
5839 12
5840 19
5841 9
5842 6
5843 37
5844 12
5845 12
5846 38
5847 12
5848 12
5849 12
5850 19
5851 12
5852 12
5853 9
5854 37
5855 12
5856 12
5857 22
5858 12
5859 12
5860 12
5861 37
5862 6
5863 12
5864 37
5865 37
5866 6
5867 36
5868 12
5869 12
5870 6
5871 6
5872 12
5873 12
5874 12
5875 38
5876 37
5877 48
5878 9
5879 6
5880 34
5881 37
5882 6
5883 9
5884 33
5885 12
5886 6
5887 5
5888 6
5889 6
5890 6
5891 38
5892 12
5893 37
5894 37
5895 12
5896 6
5897 9
5898 6
5899 6
5900 6
5901 38
5902 9
5903 9
5904 9
5905 9
5906 9
5907 12
5908 6
5909 12
5910 9
5911 12
5912 12
5913 6
5914 45
5915 37
5916 6
5917 12
5918 9
5919 6
5920 12
5921 9
5922 6
5923 6
5924 6
5925 6
5926 38
5927 38
5928 19
5929 6
5930 9
5931 9
5932 12
5933 6
5934 6
5935 37
5936 37
5937 12
5938 38
5939 9
5940 9
5941 6
5942 17
5943 6
5944 9
5945 37
5946 9
5947 6
5948 12
5949 6
5950 1
5951 6
5952 40
5953 6
5954 6
5955 37
5956 6
5957 12
5958 21
5959 9
5960 9
5961 19
5962 9
5963 6
5964 6
5965 9
5966 6
5967 9
5968 9
5969 6
5970 9
5971 6
5972 12
5973 9
5974 9
5975 9
5976 12
5977 38
5978 9
5979 38
5980 37
5981 12
5982 9
5983 12
5984 38
5985 6
5986 30
5987 38
5988 6
5989 9
5990 6
5991 74
5992 6
5993 9
5994 38
5995 38
5996 6
5997 12
5998 9
5999 12
6000 6
6001 12
6002 12
6003 6
6004 9
6005 6
6006 6
6007 37
6008 37
6009 9
6010 37
6011 12
6012 6
6013 9
6014 38
6015 9
6016 37
6017 9
6018 9
6019 6
6020 9
6021 6
6022 12
6023 9
6024 9
6025 12
6026 30
6027 19
6028 9
6029 6
6030 9
6031 12
6032 6
6033 9
6034 6
6035 9
6036 6
6037 9
6038 6
6039 33
6040 9
6041 33
6042 31
6043 37
6044 6
6045 12
6046 6
6047 6
6048 6
6049 9
6050 12
6051 6
6052 6
6053 6
6054 6
6055 9
6056 6
6057 6
6058 46
6059 38
6060 6
6061 6
6062 12
6063 9
6064 12
6065 6
6066 38
6067 6
6068 6
6069 12
6070 9
6071 18
6072 74
6073 5
6074 6
6075 29
6076 38
6077 6
6078 12
6079 37
6080 6
6081 6
6082 6
6083 6
6084 9
6085 9
6086 6
6087 6
6088 9
6089 6
6090 9
6091 6
6092 37
6093 6
6094 12
6095 9
6096 9
6097 9
6098 38
6099 38
6100 37
6101 9
6102 30
6103 30
6104 37
6105 12
6106 37
6107 90
6108 6
6109 6
6110 37
6111 6
6112 37
6113 44
6114 12
6115 12
6116 9
6117 19
6118 9
6119 9
6120 12
6121 37
6122 12
6123 37
6124 6
6125 6
6126 9
6127 37
6128 12
6129 37
6130 6
6131 12
6132 9
6133 9
6134 12
6135 6
6136 12
6137 37
6138 10
6139 68
6140 9
6141 37
6142 6
6143 12
6144 6
6145 54
6146 6
6147 12
6148 12
6149 6
6150 37
6151 37
6152 6
6153 12
6154 27
6155 9
6156 6
6157 9
6158 6
6159 21
6160 9
6161 9
6162 9
6163 6
6164 37
6165 38
6166 6
6167 18
6168 6
6169 12
6170 9
6171 6
6172 12
6173 38
6174 6
6175 6
6176 9
6177 9
6178 44
6179 37
6180 38
6181 9
6182 6
6183 9
6184 38
6185 38
6186 9
6187 9
6188 6
6189 9
6190 12
6191 6
6192 6
6193 6
6194 6
6195 9
6196 6
6197 37
6198 5
6199 12
6200 37
6201 6
6202 37
6203 9
6204 6
6205 9
6206 6
6207 89
6208 12
6209 38
6210 24
6211 9
6212 9
6213 38
6214 12
6215 12
6216 9
6217 12
6218 6
6219 6
6220 6
6221 6
6222 6
6223 9
6224 9
6225 38
6226 12
6227 6
6228 6
6229 9
6230 6
6231 6
6232 9
6233 12
6234 12
6235 6
6236 38
6237 10
6238 35
6239 6
6240 9
6241 6
6242 9
6243 38
6244 37
6245 6
6246 9
6247 6
6248 11
6249 9
6250 6
6251 6
6252 6
6253 38
6254 6
6255 9
6256 6
6257 6
6258 37
6259 64
6260 11
6261 9
6262 68
6263 37
6264 6
6265 9
6266 6
6267 6
6268 6
6269 32
6270 6
6271 6
6272 12
6273 9
6274 38
6275 12
6276 9
6277 38
6278 9
6279 9
6280 9
6281 6
6282 6
6283 37
6284 6
6285 6
6286 6
6287 6
6288 9
6289 6
6290 9
6291 12
6292 6
6293 12
6294 6
6295 6
6296 19
6297 6
6298 43
6299 6
6300 28
6301 9
6302 38
6303 9
6304 12
6305 6
6306 9
6307 6
6308 6
6309 6
6310 19
6311 27
6312 30
6313 6
6314 18
6315 68
6316 9
6317 38
6318 6
6319 12
6320 6
6321 9
6322 40
6323 9
6324 12
6325 9
6326 6
6327 12
6328 38
6329 38
6330 12
6331 30
6332 12
6333 6
6334 6
6335 6
6336 6
6337 38
6338 6
6339 12
6340 5
6341 38
6342 12
6343 9
6344 6
6345 9
6346 12
6347 6
6348 6
6349 9
6350 9
6351 97
6352 9
6353 6
6354 9
6355 6
6356 9
6357 38
6358 38
6359 27
6360 38
6361 12
6362 38
6363 38
6364 6
6365 31
6366 9
6367 6
6368 6
6369 6
6370 7
6371 40
6372 12
6373 9
6374 9
6375 66
6376 6
6377 9
6378 9
6379 38
6380 38
6381 37
6382 6
6383 6
6384 9
6385 82
6386 12
6387 6
6388 14
6389 6
6390 12
6391 6
6392 6
6393 6
6394 6
6395 9
6396 9
6397 12
6398 12
6399 6
6400 6
6401 38
6402 12
6403 37
6404 6
6405 9
6406 9
6407 12
6408 20
6409 9
6410 30
6411 12
6412 12
6413 40
6414 30
6415 37
6416 12
6417 6
6418 9
6419 6
6420 12
6421 48
6422 12
6423 19
6424 90
6425 9
6426 82
6427 12
6428 6
6429 33
6430 6
6431 41
6432 12
6433 37
6434 9
6435 12
6436 9
6437 37
6438 12
6439 4
6440 4
6441 37
6442 37
6443 12
6444 9
6445 6
6446 6
6447 12
6448 12
6449 4
6450 37
6451 12
6452 6
6453 19
6454 12
6455 6
6456 6
6457 37
6458 4
6459 37
6460 12
6461 12
6462 12
6463 9
6464 6
6465 48
6466 9
6467 6
6468 9
6469 9
6470 37
6471 6
6472 9
6473 9
6474 12
6475 37
6476 26
6477 90
6478 9
6479 38
6480 37
6481 6
6482 6
6483 37
6484 9
6485 9
6486 6
6487 37
6488 6
6489 12
6490 46
6491 12
6492 30
6493 30
6494 12
6495 90
6496 6
6497 9
6498 9
6499 6
6500 12
6501 6
6502 38
6503 6
6504 12
6505 6
6506 38
6507 38
6508 37
6509 6
6510 6
6511 12
6512 6
6513 9
6514 9
6515 27
6516 38
6517 38
6518 37
6519 6
6520 37
6521 15
6522 20
6523 6
6524 12
6525 54
6526 6
6527 6
6528 6
6529 6
6530 12
6531 6
6532 6
6533 6
6534 6
6535 6
6536 9
6537 12
6538 30
6539 38
6540 9
6541 9
6542 6
6543 11
6544 7
6545 37
6546 6
6547 6
6548 12
6549 12
6550 7
6551 6
6552 6
6553 9
6554 9
6555 9
6556 9
6557 6
6558 9
6559 6
6560 68
6561 9
6562 37
6563 12
6564 12
6565 6
6566 12
6567 9
6568 6
6569 12
6570 6
6571 9
6572 37
6573 38
6574 38
6575 9
6576 9
