0 2
1 0
2 8
3 0
4 2
5 2
6 1
7 0
8 17
9 0
10 1
11 0
12 2
13 17
14 17
15 2
16 2
17 0
18 34
19 34
20 0
21 83
22 0
23 22
24 2
25 0
26 2
27 0
28 2
29 1
30 0
31 14
32 34
33 17
34 2
35 0
36 0
37 0
38 86
39 0
40 9
41 0
42 2
43 27
44 8
45 27
46 2
47 27
48 27
49 27
50 27
51 0
52 27
53 27
54 27
55 27
56 1
57 0
58 0
59 27
60 2
61 27
62 0
63 27
64 34
65 2
66 34
67 0
68 27
69 86
70 27
71 0
72 27
73 0
74 0
75 27
76 30
77 86
78 2
79 27
80 34
81 0
82 27
83 0
84 27
85 27
86 27
87 0
88 0
89 86
90 0
91 46
92 1
93 45
94 4
95 1
96 0
97 27
98 0
99 27
100 0
101 0
102 27
103 27
104 27
105 55
106 27
107 27
108 86
109 86
110 27
111 86
112 27
113 0
114 5
115 0
116 27
117 2
118 1
119 0
120 27
121 0
122 27
123 2
124 0
125 13
126 86
127 0
128 0
129 0
130 0
131 23
132 27
133 0
134 27
135 27
136 0
137 27
138 27
139 27
140 0
141 0
142 27
143 27
144 2
145 0
146 86
147 0
148 0
149 2
150 27
151 27
152 46
153 27
154 27
155 27
156 27
157 27
158 86
159 2
160 86
161 2
162 2
163 0
164 27
165 2
166 27
167 86
168 0
169 86
170 0
171 0
172 2
173 1
174 27
175 16
176 2
177 0
178 0
179 8
180 86
181 4
182 58
183 0
184 0
185 35
186 27
187 10
188 2
189 27
190 0
191 4
192 0
193 86
194 27
195 0
196 2
197 27
198 0
199 0
200 0
201 0
202 0
203 0
204 86
205 0
206 0
207 27
208 0
209 86
210 86
211 16
212 22
213 0
214 27
215 0
216 0
217 4
218 0
219 0
220 0
221 27
222 27
223 0
224 0
225 27
226 27
227 22
228 0
229 27
230 0
231 0
232 27
233 0
234 2
235 27
236 27
237 22
238 27
239 0
240 1
241 0
242 22
243 80
244 17
245 80
246 2
247 1
248 17
249 0
250 17
251 34
252 0
253 17
254 4
255 0
256 17
257 22
258 1
259 74
260 0
261 34
262 2
263 0
264 0
265 2
266 0
267 17
268 11
269 17
270 1
271 4
272 0
273 45
274 34
275 2
276 1
277 2
278 0
279 2
280 2
281 4
282 86
283 27
284 2
285 0
286 0
287 0
288 22
289 27
290 27
291 0
292 0
293 22
294 27
295 4
296 0
297 1
298 30
299 27
300 46
301 27
302 27
303 0
304 4
305 53
306 1
307 0
308 27
309 27
310 1
311 1
312 17
313 27
314 20
315 54
316 22
317 54
318 0
319 0
320 27
321 1
322 2
323 0
324 2
325 27
326 27
327 48
328 0
329 4
330 46
331 0
332 27
333 88
334 0
335 27
336 0
337 1
338 0
339 48
340 48
341 20
342 0
343 7
344 36
345 0
346 27
347 0
348 0
349 27
350 0
351 0
352 0
353 0
354 0
355 27
356 0
357 25
358 0
359 46
360 48
361 27
362 0
363 2
364 2
365 4
366 0
367 13
368 27
369 0
370 86
371 21
372 4
373 86
374 0
375 27
376 0
377 1
378 16
379 2
380 0
381 2
382 0
383 10
384 27
385 27
386 27
387 0
388 0
389 1
390 27
391 27
392 0
393 86
394 0
395 27
396 4
397 27
398 0
399 86
400 0
401 27
402 86
403 86
404 86
405 0
406 27
407 0
408 27
409 27
410 27
411 27
412 27
413 0
414 0
415 2
416 16
417 27
418 27
419 86
420 0
421 46
422 1
423 27
424 27
425 27
426 0
427 86
428 27
429 0
430 27
431 1
432 27
433 27
434 0
435 0
436 10
437 6
438 27
439 0
440 0
441 0
442 1
443 2
444 27
445 27
446 27
447 27
448 46
449 46
450 27
451 27
452 27
453 2
454 2
455 0
456 38
457 38
458 38
459 38
460 27
461 27
462 38
463 38
464 38
465 38
466 0
467 23
468 2
469 38
470 0
471 0
472 27
473 0
474 27
475 27
476 27
477 0
478 0
479 27
480 86
481 0
482 27
483 0
484 86
485 86
486 27
487 27
488 0
489 0
490 73
491 0
492 0
493 46
494 73
495 38
496 86
497 2
498 86
499 86
500 27
501 2
502 27
503 22
504 1
505 1
506 22
507 0
508 50
509 0
510 0
511 0
512 0
513 0
514 27
515 0
516 13
517 11
518 11
519 11
520 0
521 27
522 27
523 27
524 27
525 1
526 2
527 1
528 0
529 0
530 1
531 0
532 30
533 86
534 62
535 36
536 2
537 27
538 27
539 27
540 0
541 27
542 0
543 0
544 0
545 27
546 64
547 0
548 0
549 27
550 1
551 27
552 1
553 1
554 2
555 8
556 2
557 0
558 2
559 1
560 15
561 2
562 2
563 1
564 2
565 1
566 1
567 2
568 1
569 46
570 0
571 1
572 0
573 0
574 1
575 0
576 0
577 1
578 1
579 0
580 1
581 1
582 0
583 2
584 0
585 17
586 1
587 1
588 0
589 2
590 1
591 22
592 46
593 0
594 0
595 0
596 0
597 1
598 33
599 0
600 2
601 80
602 0
603 17
604 0
605 1
606 13
607 34
608 1
609 13
610 1
611 2
612 1
613 2
614 2
615 27
616 0
617 27
618 17
619 0
620 0
621 69
622 1
623 2
624 0
625 0
626 27
627 27
628 6
629 22
630 27
631 27
632 0
633 0
634 27
635 88
636 0
637 2
638 26
639 27
640 27
641 0
642 1
643 0
644 2
645 2
646 0
647 27
648 0
649 27
650 0
651 27
652 27
653 1
654 48
655 27
656 0
657 0
658 22
659 42
660 1
661 27
662 27
663 1
664 0
665 0
666 0
667 46
668 27
669 27
670 27
671 6
672 27
673 0
674 45
675 16
676 27
677 46
678 0
679 1
680 27
681 0
682 46
683 27
684 22
685 27
686 2
687 27
688 27
689 34
690 1
691 0
692 0
693 27
694 0
695 27
696 0
697 27
698 27
699 27
700 27
701 0
702 2
703 1
704 27
705 27
706 27
707 0
708 0
709 0
710 27
711 27
712 27
713 27
714 27
715 27
716 27
717 27
718 27
719 86
720 86
721 86
722 0
723 0
724 0
725 0
726 0
727 27
728 86
729 0
730 0
731 27
732 16
733 46
734 0
735 27
736 1
737 27
738 27
739 0
740 0
741 27
742 27
743 27
744 27
745 0
746 27
747 0
748 0
749 27
750 0
751 86
752 27
753 27
754 2
755 0
756 0
757 27
758 0
759 0
760 27
761 0
762 27
763 0
764 0
765 27
766 0
767 0
768 86
769 86
770 86
771 86
772 86
773 86
774 0
775 27
776 27
777 0
778 27
779 0
780 27
781 27
782 0
783 27
784 27
785 0
786 0
787 0
788 0
789 0
790 2
791 0
792 0
793 0
794 86
795 0
796 27
797 0
798 0
799 27
800 0
801 27
802 27
803 27
804 27
805 27
806 0
807 27
808 27
809 0
810 27
811 0
812 0
813 27
814 0
815 0
816 0
817 94
818 0
819 27
820 27
821 27
822 0
823 0
824 27
825 0
826 27
827 0
828 27
829 27
830 0
831 27
832 0
833 27
834 2
835 27
836 27
837 0
838 27
839 27
840 0
841 0
842 27
843 27
844 45
845 84
846 27
847 2
848 27
849 27
850 0
851 0
852 27
853 27
854 0
855 27
856 0
857 0
858 2
859 1
860 92
861 0
862 86
863 27
864 27
865 0
866 2
867 27
868 0
869 27
870 27
871 1
872 27
873 27
874 27
875 0
876 0
877 0
878 86
879 86
880 0
881 1
882 0
883 0
884 27
885 0
886 0
887 27
888 0
889 27
890 0
891 0
892 27
893 0
894 0
895 0
896 27
897 86
898 0
899 27
900 0
901 27
902 86
903 0
904 0
905 27
906 0
907 2
908 1
909 4
910 42
911 0
912 15
913 0
914 29
915 1
916 2
917 0
918 18
919 1
920 4
921 1
922 2
923 0
924 2
925 1
926 1
927 2
928 2
929 0
930 2
931 86
932 0
933 27
934 27
935 27
936 27
937 27
938 27
939 27
940 27
941 27
942 27
943 27
944 27
945 27
946 0
947 27
948 27
949 27
950 27
951 27
952 27
953 27
954 27
955 0
956 27
957 0
958 0
959 86
960 86
961 86
962 86
963 86
964 86
965 1
966 27
967 27
968 0
969 4
970 3
971 1
972 2
973 86
974 27
975 0
976 2
977 0
978 0
979 0
980 0
981 86
982 0
983 27
984 27
985 86
986 0
987 1
988 4
989 1
990 27
991 27
992 27
993 27
994 27
995 27
996 0
997 27
998 27
999 0
1000 0
1001 0
1002 2
1003 2
1004 2
1005 27
1006 27
1007 27
1008 27
1009 2
1010 27
1011 3
1012 2
1013 1
1014 75
1015 28
1016 0
1017 46
1018 0
1019 2
1020 10
1021 17
1022 1
1023 25
1024 46
1025 4
1026 2
1027 2
1028 22
1029 0
1030 10
1031 46
1032 1
1033 46
1034 18
1035 2
1036 0
1037 76
1038 16
1039 16
1040 0
1041 27
1042 0
1043 16
1044 18
1045 2
1046 78
1047 0
1048 0
1049 0
1050 2
1051 0
1052 0
1053 0
1054 1
1055 0
1056 16
1057 0
1058 0
1059 27
1060 27
1061 27
1062 27
1063 0
1064 86
1065 27
1066 27
1067 0
1068 0
1069 46
1070 26
1071 2
1072 0
1073 0
1074 0
1075 0
1076 0
1077 45
1078 0
1079 2
1080 0
1081 0
1082 0
1083 0
1084 27
1085 0
1086 27
1087 27
1088 33
1089 17
1090 0
1091 0
1092 27
1093 0
1094 1
1095 0
1096 0
1097 0
1098 0
1099 0
1100 27
1101 0
1102 27
1103 27
1104 0
1105 0
1106 27
1107 0
1108 2
1109 0
1110 0
1111 39
1112 27
1113 2
1114 0
1115 0
1116 0
1117 41
1118 0
1119 0
1120 41
1121 27
1122 0
1123 2
1124 0
1125 27
1126 0
1127 0
1128 0
1129 26
1130 0
1131 2
1132 47
1133 0
1134 62
1135 0
1136 4
1137 0
1138 27
1139 0
1140 27
1141 95
1142 22
1143 2
1144 0
1145 52
1146 0
1147 0
1148 0
1149 0
1150 27
1151 0
1152 0
1153 0
1154 10
1155 0
1156 0
1157 0
1158 0
1159 27
1160 27
1161 49
1162 27
1163 0
1164 27
1165 27
1166 0
1167 0
1168 27
1169 0
1170 0
1171 92
1172 0
1173 10
1174 0
1175 0
1176 27
1177 0
1178 0
1179 0
1180 0
1181 27
1182 0
1183 0
1184 0
1185 0
1186 0
1187 0
1188 0
1189 0
1190 2
1191 0
1192 0
1193 2
1194 46
1195 0
1196 2
1197 46
1198 46
1199 25
1200 17
1201 13
1202 3
1203 2
1204 1
1205 1
1206 17
1207 17
1208 2
1209 0
1210 0
1211 2
1212 1
1213 17
1214 2
1215 10
1216 46
1217 2
1218 2
1219 42
1220 2
1221 68
1222 4
1223 2
1224 0
1225 1
1226 0
1227 0
1228 0
1229 0
1230 2
1231 17
1232 27
1233 27
1234 0
1235 27
1236 0
1237 27
1238 0
1239 2
1240 2
1241 0
1242 0
1243 27
1244 0
1245 2
1246 2
1247 6
1248 47
1249 0
1250 27
1251 0
1252 58
1253 0
1254 0
1255 0
1256 0
1257 27
1258 2
1259 27
1260 1
1261 27
1262 27
1263 18
1264 27
1265 0
1266 0
1267 0
1268 0
1269 2
1270 46
1271 2
1272 27
1273 58
1274 0
1275 2
1276 57
1277 18
1278 2
1279 0
1280 27
1281 0
1282 0
1283 0
1284 2
1285 0
1286 2
1287 27
1288 27
1289 0
1290 27
1291 10
1292 27
1293 0
1294 27
1295 0
1296 0
1297 0
1298 0
1299 0
1300 0
1301 0
1302 2
1303 47
1304 3
1305 0
1306 46
1307 8
1308 0
1309 10
1310 43
1311 0
1312 0
1313 0
1314 0
1315 27
1316 27
1317 27
1318 0
1319 0
1320 46
1321 10
1322 27
1323 10
1324 22
1325 22
1326 0
1327 22
1328 27
1329 27
1330 1
1331 0
1332 2
1333 27
1334 27
1335 27
1336 27
1337 0
1338 1
1339 22
1340 27
1341 10
1342 2
1343 0
1344 0
1345 0
1346 0
1347 3
1348 0
1349 2
1350 27
1351 0
1352 2
1353 10
1354 2
1355 46
1356 1
1357 46
1358 46
1359 31
1360 0
1361 22
1362 2
1363 26
1364 0
1365 17
1366 17
1367 1
1368 46
1369 2
1370 1
1371 17
1372 17
1373 0
1374 1
1375 17
1376 2
1377 4
1378 2
1379 42
1380 1
1381 0
1382 2
1383 6
1384 42
1385 7
1386 7
1387 42
1388 1
1389 1
1390 46
1391 31
1392 34
1393 17
1394 46
1395 2
1396 0
1397 2
1398 60
1399 60
1400 0
1401 0
1402 0
1403 0
1404 0
1405 27
1406 0
1407 46
1408 2
1409 0
1410 27
1411 2
1412 0
1413 27
1414 27
1415 1
1416 2
1417 27
1418 0
1419 30
1420 16
1421 27
1422 27
1423 0
1424 21
1425 0
1426 0
1427 0
1428 42
1429 1
1430 0
1431 5
1432 5
1433 4
1434 22
1435 21
1436 21
1437 0
1438 0
1439 0
1440 46
1441 21
1442 46
1443 27
1444 2
1445 21
1446 27
1447 21
1448 21
1449 21
1450 21
1451 27
1452 27
1453 27
1454 27
1455 27
1456 46
1457 0
1458 27
1459 46
1460 46
1461 0
1462 21
1463 2
1464 46
1465 21
1466 1
1467 0
1468 46
1469 46
1470 46
1471 46
1472 27
1473 46
1474 8
1475 0
1476 45
1477 0
1478 0
1479 21
1480 46
1481 46
1482 46
1483 0
1484 27
1485 21
1486 27
1487 27
1488 27
1489 2
1490 46
1491 0
1492 2
1493 18
1494 0
1495 52
1496 2
1497 0
1498 22
1499 0
1500 0
1501 18
1502 2
1503 27
1504 0
1505 0
1506 27
1507 0
1508 8
1509 0
1510 0
1511 2
1512 1
1513 0
1514 0
1515 0
1516 0
1517 0
1518 0
1519 2
1520 0
1521 0
1522 0
1523 71
1524 0
1525 2
1526 11
1527 46
1528 46
1529 27
1530 27
1531 26
1532 0
1533 0
1534 0
1535 0
1536 0
1537 2
1538 2
1539 2
1540 27
1541 35
1542 0
1543 27
1544 22
1545 46
1546 46
1547 27
1548 2
1549 2
1550 2
1551 0
1552 1
1553 17
1554 30
1555 0
1556 17
1557 22
1558 2
1559 0
1560 3
1561 1
1562 7
1563 1
1564 1
1565 2
1566 0
1567 40
1568 3
1569 2
1570 0
1571 16
1572 6
1573 40
1574 0
1575 2
1576 0
1577 0
1578 27
1579 0
1580 0
1581 10
1582 2
1583 27
1584 27
1585 27
1586 27
1587 0
1588 0
1589 21
1590 2
1591 46
1592 1
1593 8
1594 52
1595 0
1596 0
1597 8
1598 64
1599 0
1600 27
1601 0
1602 0
1603 0
1604 14
1605 0
1606 27
1607 0
1608 0
1609 2
1610 0
1611 79
1612 0
1613 11
1614 2
1615 0
1616 0
1617 2
1618 3
1619 1
1620 2
1621 0
1622 27
1623 0
1624 27
1625 0
1626 2
1627 0
1628 52
1629 46
1630 0
1631 0
1632 0
1633 0
1634 0
1635 0
1636 87
1637 41
1638 27
1639 47
1640 0
1641 0
1642 0
1643 27
1644 0
1645 27
1646 0
1647 3
1648 27
1649 27
1650 2
1651 0
1652 0
1653 0
1654 0
1655 0
1656 0
1657 2
1658 52
1659 0
1660 27
1661 0
1662 0
1663 11
1664 1
1665 0
1666 0
1667 27
1668 27
1669 94
1670 27
1671 0
1672 2
1673 2
1674 0
1675 27
1676 0
1677 0
1678 0
1679 27
1680 0
1681 0
1682 91
1683 27
1684 90
1685 0
1686 29
1687 0
1688 27
1689 90
1690 0
1691 0
1692 27
1693 27
1694 2
1695 22
1696 0
1697 2
1698 6
1699 2
1700 10
1701 0
1702 2
1703 0
1704 26
1705 2
1706 2
1707 0
1708 2
1709 0
1710 4
1711 1
1712 42
1713 17
1714 1
1715 2
1716 2
1717 2
1718 6
1719 2
1720 6
1721 2
1722 2
1723 2
1724 2
1725 10
1726 17
1727 17
1728 42
1729 42
1730 17
1731 0
1732 1
1733 30
1734 0
1735 27
1736 27
1737 27
1738 0
1739 27
1740 27
1741 0
1742 27
1743 27
1744 1
1745 0
1746 27
1747 27
1748 2
1749 0
1750 94
1751 0
1752 27
1753 27
1754 78
1755 0
1756 27
1757 0
1758 0
1759 0
1760 46
1761 0
1762 0
1763 0
1764 0
1765 27
1766 72
1767 27
1768 0
1769 27
1770 0
1771 0
1772 27
1773 5
1774 0
1775 0
1776 0
1777 0
1778 0
1779 27
1780 0
1781 27
1782 56
1783 0
1784 0
1785 0
1786 27
1787 0
1788 0
1789 0
1790 0
1791 0
1792 0
1793 4
1794 0
1795 2
1796 27
1797 0
1798 27
1799 27
1800 27
1801 0
1802 0
1803 0
1804 27
1805 2
1806 0
1807 0
1808 27
1809 27
1810 0
1811 0
1812 2
1813 0
1814 0
1815 0
1816 0
1817 0
1818 0
1819 2
1820 27
1821 27
1822 0
1823 0
1824 27
1825 0
1826 27
1827 0
1828 2
1829 0
1830 39
1831 0
1832 0
1833 10
1834 27
1835 0
1836 0
1837 0
1838 56
1839 0
1840 0
1841 0
1842 0
1843 27
1844 2
1845 16
1846 2
1847 0
1848 27
1849 0
1850 43
1851 0
1852 0
1853 0
1854 0
1855 27
1856 0
1857 0
1858 0
1859 2
1860 26
1861 27
1862 0
1863 66
1864 27
1865 0
1866 2
1867 0
1868 0
1869 42
1870 1
1871 4
1872 32
1873 4
1874 10
1875 2
1876 2
1877 2
1878 44
1879 4
1880 4
1881 7
1882 14
1883 4
1884 4
1885 31
1886 62
1887 12
1888 0
1889 0
1890 2
1891 4
1892 2
1893 2
1894 63
1895 12
1896 7
1897 42
1898 77
1899 4
1900 2
1901 4
1902 68
1903 67
1904 37
1905 4
1906 4
1907 10
1908 0
1909 27
1910 6
1911 27
1912 0
1913 1
1914 27
1915 27
1916 27
1917 11
1918 27
1919 27
1920 27
1921 0
1922 27
1923 27
1924 0
1925 6
1926 27
1927 6
1928 4
1929 27
1930 27
1931 27
1932 27
1933 27
1934 27
1935 27
1936 27
1937 27
1938 2
1939 27
1940 27
1941 27
1942 59
1943 27
1944 27
1945 27
1946 0
1947 27
1948 45
1949 27
1950 0
1951 27
1952 27
1953 27
1954 27
1955 27
1956 27
1957 2
1958 2
1959 27
1960 27
1961 27
1962 27
1963 27
1964 1
1965 27
1966 27
1967 27
1968 27
1969 27
1970 27
1971 2
1972 22
1973 2
1974 2
1975 6
1976 27
1977 36
1978 27
1979 33
1980 27
1981 27
1982 6
1983 27
1984 27
1985 27
1986 27
1987 27
1988 41
1989 0
1990 27
1991 27
1992 27
1993 27
1994 85
1995 27
1996 27
1997 27
1998 0
1999 27
2000 30
2001 27
2002 0
2003 27
2004 0
2005 27
2006 27
2007 27
2008 86
2009 27
2010 46
2011 27
2012 62
2013 4
2014 0
2015 27
2016 27
2017 27
2018 27
2019 27
2020 27
2021 27
2022 27
2023 86
2024 27
2025 27
2026 27
2027 27
2028 27
2029 62
2030 27
2031 0
2032 27
2033 27
2034 2
2035 27
2036 27
2037 27
2038 27
2039 2
2040 27
2041 27
2042 27
2043 27
2044 0
2045 0
2046 27
2047 27
2048 46
2049 27
2050 2
2051 27
2052 27
2053 27
2054 27
2055 46
2056 27
2057 27
2058 27
2059 10
2060 27
2061 27
2062 27
2063 51
2064 27
2065 27
2066 27
2067 27
2068 27
2069 0
2070 2
2071 10
2072 27
2073 3
2074 0
2075 27
2076 2
2077 27
2078 27
2079 27
2080 2
2081 27
2082 27
2083 27
2084 0
2085 27
2086 0
2087 27
2088 27
2089 27
2090 4
2091 27
2092 27
2093 27
2094 27
2095 27
2096 86
2097 27
2098 27
2099 27
2100 0
2101 27
2102 27
2103 27
2104 4
2105 27
2106 27
2107 27
2108 27
2109 27
2110 9
2111 27
2112 27
2113 27
2114 27
2115 27
2116 27
2117 27
2118 27
2119 27
2120 0
2121 27
2122 27
2123 27
2124 27
2125 27
2126 27
2127 27
2128 0
2129 10
2130 27
2131 27
2132 10
2133 27
2134 27
2135 27
2136 0
2137 27
2138 27
2139 27
2140 27
2141 27
2142 2
2143 27
2144 27
2145 27
2146 27
2147 27
2148 93
2149 0
2150 0
2151 27
2152 27
2153 27
2154 27
2155 27
2156 27
2157 0
2158 27
2159 1
2160 27
2161 21
2162 0
2163 27
2164 0
2165 0
2166 27
2167 27
2168 46
2169 0
2170 27
2171 27
2172 27
2173 10
2174 46
2175 0
2176 27
2177 0
2178 27
2179 27
2180 0
2181 27
2182 27
2183 27
2184 52
2185 52
2186 1
2187 25
2188 0
2189 27
2190 27
2191 4
2192 27
2193 27
2194 0
2195 0
2196 27
2197 10
2198 27
2199 27
2200 2
2201 2
2202 27
2203 0
2204 27
2205 27
2206 4
2207 0
2208 27
2209 27
2210 27
2211 27
2212 27
2213 27
2214 27
2215 0
2216 27
2217 27
2218 27
2219 27
2220 27
2221 0
2222 27
2223 27
2224 2
2225 27
2226 0
2227 0
2228 27
2229 27
2230 27
2231 0
2232 44
2233 2
2234 0
2235 2
2236 27
2237 27
2238 27
2239 0
2240 27
2241 4
2242 27
2243 27
2244 0
2245 27
2246 0
2247 10
2248 27
2249 0
2250 4
2251 10
2252 27
2253 27
2254 27
2255 0
2256 27
2257 46
2258 27
2259 41
2260 4
2261 4
2262 27
2263 27
2264 27
2265 27
2266 27
2267 46
2268 27
2269 27
2270 32
2271 27
2272 21
2273 0
2274 0
2275 27
2276 61
2277 27
2278 27
2279 61
2280 4
2281 27
2282 27
2283 27
2284 27
2285 27
2286 27
2287 27
2288 45
2289 66
2290 27
2291 27
2292 27
2293 2
2294 66
2295 0
2296 81
2297 0
2298 27
2299 27
2300 27
2301 27
2302 33
2303 4
2304 27
2305 4
2306 27
2307 0
2308 2
2309 27
2310 27
2311 27
2312 27
2313 27
2314 0
2315 0
2316 0
2317 27
2318 27
2319 27
2320 0
2321 27
2322 27
2323 0
2324 0
2325 27
2326 27
2327 45
2328 19
2329 0
2330 9
2331 9
2332 70
2333 46
2334 0
2335 0
2336 10
2337 27
2338 0
2339 27
2340 45
2341 0
2342 27
2343 1
2344 0
2345 27
2346 27
2347 27
2348 27
2349 27
2350 27
2351 27
2352 27
2353 27
2354 4
2355 2
2356 6
2357 4
2358 0
2359 4
2360 10
2361 27
2362 0
2363 0
2364 27
2365 27
2366 4
2367 0
2368 27
2369 0
2370 27
2371 27
2372 44
2373 44
2374 27
2375 27
2376 27
2377 65
2378 27
2379 27
2380 27
2381 74
2382 27
2383 27
2384 27
2385 27
2386 24
2387 27
2388 27
2389 27
2390 27
2391 27
2392 27
2393 27
2394 27
2395 10
2396 27
2397 0
2398 4
2399 27
2400 27
2401 27
2402 6
2403 27
2404 27
2405 0
2406 27
2407 45
2408 27
2409 27
2410 27
2411 27
2412 27
2413 27
2414 27
2415 27
2416 0
2417 78
2418 27
2419 27
2420 86
2421 27
2422 27
2423 27
2424 27
2425 27
2426 27
2427 6
2428 27
2429 0
2430 27
2431 0
2432 27
2433 27
2434 27
2435 27
2436 27
2437 0
2438 27
2439 27
2440 27
2441 27
2442 46
2443 27
2444 27
2445 21
2446 27
2447 2
2448 0
2449 86
2450 16
2451 27
2452 1
2453 27
2454 0
2455 0
2456 0
2457 2
2458 27
2459 0
2460 27
2461 27
2462 0
2463 27
2464 4
2465 41
2466 27
2467 27
2468 0
2469 0
2470 2
2471 27
2472 77
2473 27
2474 27
2475 27
2476 6
2477 0
2478 27
2479 27
2480 4
2481 4
2482 1
2483 27
2484 27
2485 27
2486 27
2487 27
2488 0
2489 0
2490 27
2491 27
2492 27
2493 46
2494 10
2495 15
2496 86
2497 27
2498 19
2499 0
2500 27
2501 21
2502 0
2503 27
2504 27
2505 0
2506 27
2507 2
2508 0
2509 0
2510 0
2511 27
2512 0
2513 27
2514 27
2515 0
2516 19
2517 0
2518 27
2519 27
2520 27
2521 27
2522 27
2523 0
2524 6
2525 2
2526 16
2527 0
2528 27
2529 27
2530 27
2531 27
2532 27
2533 72
2534 27
2535 27
2536 27
2537 27
2538 27
2539 0
2540 27
2541 27
2542 0
2543 28
2544 0
2545 0
2546 2
2547 27
2548 4
2549 52
2550 27
2551 27
2552 82
2553 27
2554 27
2555 27
2556 10
2557 2
2558 0
2559 4
2560 10
2561 1
2562 4
2563 12
2564 1
2565 2
2566 0
2567 1
2568 33
2569 0
2570 17
2571 17
2572 89
2573 4
2574 2
2575 1
2576 2
2577 2
2578 2
2579 0
2580 46
2581 2
2582 69
