0 66
1 acq
2 acq
3 acq
4 37
5 138
6 earn
7 oil
8 acq
9 earn
10 acq
11 earn
12 earn
13 earn
14 160
15 earn
16 68
17 earn
18 37
19 acq
20 earn
21 126
22 134
23 78
24 acq
25 earn
26 138
27 acq
28 acq
29 142
30 85
31 208
32 127
33 acq
34 37
35 138
36 earn
37 acq
38 142
39 142
40 111
41 1
42 earn
43 138
44 acq
45 30
46 earn
47 earn
48 97
49 142
50 earn
51 37
52 acq
53 earn
54 acq
55 earn
56 226
57 earn
58 7
59 acq
60 37
61 109
62 earn
63 142
64 earn
65 acq
66 138
67 37
68 138
69 earn
70 7
71 acq
72 acq
73 earn
74 earn
75 226
76 37
77 acq
78 37
79 acq
80 111
81 111
82 51
83 51
84 acq
85 37
86 142
87 142
88 earn
89 earn
90 138
91 37
92 earn
93 111
94 111
95 111
96 138
97 138
98 acq
99 earn
100 142
101 37
102 20
103 crude
104 earn
105 37
106 226
107 acq
108 27
109 78
110 78
111 138
112 25
113 earn
114 acq
115 17
116 3
117 17
118 acq
119 25
120 138
121 acq
122 earn
123 earn
124 acq
125 66
126 160
127 37
128 earn
129 138
130 acq
131 37
132 142
133 142
134 142
135 37
136 earn
137 earn
138 66
139 68
140 48
141 acq
142 acq
143 25
144 25
145 37
146 213
147 59
148 61
149 59
150 48
151 59
152 acq
153 8
154 acq
155 37
156 37
157 267
158 65
159 41
160 226
161 8
162 112
163 66
164 acq
165 25
166 acq
167 acq
168 8
169 37
170 37
171 63
172 acq
173 acq
174 37
175 earn
176 acq
177 oil
178 acq
179 9
180 37
181 25
182 acq
183 59
184 48
185 25
186 13
187 66
188 63
189 165
190 165
191 acq
192 acq
193 66
194 44
195 acq
196 66
197 acq
198 earn
199 48
200 acq
201 138
202 125
203 acq
204 3
205 28
206 earn
207 acq
208 72
209 37
210 137
211 0
212 acq
213 3
214 142
215 7
216 acq
217 earn
218 225
219 acq
220 63
221 20
222 acq
223 acq
224 earn
225 acq
226 earn
227 earn
228 acq
229 37
230 acq
231 earn
232 142
233 37
234 37
235 acq
236 37
237 104
238 earn
239 224
240 acq
241 91
242 66
243 acq
244 earn
245 acq
246 51
247 acq
248 37
249 17
250 106
251 37
252 1
253 earn
254 142
255 48
256 106
257 138
258 earn
259 143
260 267
261 earn
262 7
263 7
264 acq
265 138
266 37
267 acq
268 acq
269 94
270 61
271 acq
272 earn
273 25
274 earn
275 earn
276 78
277 66
278 earn
279 acq
280 142
281 37
282 66
283 138
284 1
285 acq
286 acq
287 37
288 earn
289 152
290 earn
291 50
292 earn
293 142
294 138
295 earn
296 240
297 48
298 68
299 7
300 157
301 7
302 157
303 earn
304 244
305 111
306 66
307 33
308 acq
309 earn
310 earn
311 earn
312 earn
313 earn
314 48
315 acq
316 15
317 25
318 59
319 59
320 59
321 59
322 224
323 35
324 15
325 224
326 11
327 25
328 54
329 earn
330 236
331 236
332 33
333 25
334 271
335 7
336 25
337 241
338 241
339 142
340 142
341 66
342 170
343 25
344 226
345 acq
346 1
347 68
348 8
349 0
350 61
351 11
352 9
353 38
354 66
355 acq
356 25
357 9
358 earn
359 43
360 37
361 66
362 acq
363 152
364 138
365 63
366 acq
367 9
368 43
369 17
370 96
371 acq
372 11
373 15
374 acq
375 37
376 acq
377 oil
378 37
379 32
380 acq
381 1
382 20
383 68
384 80
385 acq
386 63
387 acq
388 acq
389 32
390 66
391 25
392 32
393 242
394 15
395 66
396 25
397 51
398 25
399 1
400 acq
401 26
402 acq
403 acq
404 acq
405 96
406 63
407 142
408 earn
409 138
410 20
411 66
412 170
413 64
414 acq
415 138
416 17
417 acq
418 acq
419 37
420 acq
421 37
422 37
423 37
424 acq
425 earn
426 earn
427 earn
428 37
429 acq
430 acq
431 8
432 acq
433 acq
434 acq
435 7
436 earn
437 earn
438 earn
439 earn
440 111
441 172
442 51
443 acq
444 17
445 earn
446 earn
447 5
448 acq
449 8
450 acq
451 7
452 138
453 earn
454 25
455 acq
456 earn
457 earn
458 acq
459 earn
460 acq
461 acq
462 138
463 acq
464 earn
465 acq
466 153
467 142
468 96
469 66
470 oil
471 37
472 25
473 earn
474 acq
475 acq
476 earn
477 51
478 earn
479 acq
480 earn
481 earn
482 37
483 earn
484 earn
485 earn
486 earn
487 acq
488 66
489 30
490 earn
491 37
492 earn
493 219
494 acq
495 66
496 earn
497 acq
498 acq
499 acq
500 earn
501 earn
502 earn
503 acq
504 earn
505 earn
506 earn
507 acq
508 earn
509 earn
510 acq
511 acq
512 acq
513 acq
514 acq
515 acq
516 earn
517 earn
518 1
519 acq
520 126
521 282
522 crude
523 earn
524 138
525 earn
526 earn
527 acq
528 crude
529 138
530 earn
531 1
532 37
533 120
534 earn
535 earn
536 115
537 earn
538 172
539 acq
540 acq
541 0
542 earn
543 earn
544 26
545 37
546 37
547 acq
548 acq
549 142
550 earn
551 51
552 earn
553 37
554 11
555 41
556 91
557 172
558 0
559 1
560 25
561 acq
562 earn
563 acq
564 acq
565 acq
566 3
567 138
568 42
569 acq
570 142
571 acq
572 68
573 acq
574 1
575 165
576 acq
577 acq
578 earn
579 acq
580 earn
581 earn
582 earn
583 earn
584 acq
585 earn
586 crude
587 172
588 1
589 acq
590 267
591 earn
592 earn
593 acq
594 acq
595 acq
596 acq
597 18
598 acq
599 1
600 earn
601 crude
602 earn
603 142
604 138
605 226
606 48
607 acq
608 acq
609 52
610 126
611 44
612 109
613 59
614 earn
615 acq
616 37
617 8
618 15
619 66
620 acq
621 8
622 acq
623 264
624 8
625 acq
626 19
627 8
628 37
629 63
630 acq
631 acq
632 25
633 111
634 acq
635 25
636 37
637 96
638 acq
639 earn
640 59
641 9
642 25
643 25
644 59
645 63
646 226
647 acq
648 8
649 37
650 109
651 66
652 acq
653 acq
654 acq
655 earn
656 59
657 acq
658 15
659 37
660 51
661 84
662 32
663 acq
664 37
665 63
666 acq
667 48
668 15
669 acq
670 66
671 acq
672 37
673 42
674 37
675 11
676 acq
677 acq
678 78
679 278
680 1
681 earn
682 138
683 earn
684 63
685 25
686 25
687 64
688 8
689 32
690 64
691 126
692 1
693 138
694 earn
695 earn
696 earn
697 earn
698 earn
699 earn
700 earn
701 39
702 114
703 earn
704 earn
705 126
706 37
707 66
708 66
709 earn
710 acq
711 earn
712 earn
713 earn
714 earn
715 32
716 acq
717 acq
718 earn
719 15
720 earn
721 257
722 138
723 earn
724 235
725 acq
726 earn
727 138
728 187
729 7
730 acq
731 acq
732 earn
733 acq
734 acq
735 earn
736 37
737 60
738 218
739 acq
740 252
741 116
742 214
743 160
744 37
745 acq
746 25
747 138
748 acq
749 acq
750 acq
751 crude
752 earn
753 9
754 earn
755 246
756 37
757 246
758 254
759 111
760 earn
761 51
762 142
763 earn
764 226
765 126
766 acq
767 142
768 acq
769 oil
770 37
771 acq
772 earn
773 23
774 39
775 15
776 acq
777 39
778 138
779 earn
780 23
781 66
782 39
783 116
784 acq
785 acq
786 42
787 acq
788 274
789 acq
790 earn
791 earn
792 142
793 acq
794 earn
795 earn
796 7
797 earn
798 30
799 25
800 274
801 1
802 1
803 earn
804 254
805 37
806 66
807 earn
808 earn
809 160
810 earn
811 1
812 acq
813 37
814 237
815 acq
816 138
817 acq
818 acq
819 41
820 37
821 acq
822 158
823 acq
824 acq
825 earn
826 earn
827 acq
828 acq
829 earn
830 oil
831 earn
832 oil
833 25
834 49
835 earn
836 30
837 39
838 acq
839 82
840 25
841 25
842 crude
843 54
844 acq
845 earn
846 earn
847 earn
848 earn
849 earn
850 earn
851 earn
852 earn
853 142
854 142
855 14
856 37
857 earn
858 162
859 acq
860 25
861 64
862 41
863 earn
864 acq
865 acq
866 acq
867 acq
868 earn
869 acq
870 228
871 earn
872 37
873 acq
874 earn
875 earn
876 acq
877 172
878 17
879 142
880 earn
881 earn
882 earn
883 226
884 earn
885 138
886 37
887 17
888 32
889 166
890 138
891 earn
892 earn
893 acq
894 57
895 72
896 37
897 acq
898 earn
899 175
900 earn
901 earn
902 160
903 190
904 37
905 acq
906 177
907 earn
908 earn
909 earn
910 earn
911 earn
912 142
913 earn
914 earn
915 3
916 142
917 earn
918 160
919 65
920 earn
921 25
922 26
923 37
924 37
925 earn
926 37
927 72
928 37
929 earn
930 acq
931 152
932 earn
933 37
934 37
935 earn
936 37
937 138
938 138
939 79
940 earn
941 66
942 earn
943 acq
944 acq
945 acq
946 acq
947 66
948 acq
949 earn
950 acq
951 1
952 66
953 earn
954 acq
955 142
956 earn
957 earn
958 70
959 1
960 acq
961 172
962 66
963 earn
964 15
965 37
966 172
967 earn
968 59
969 8
970 280
971 121
972 96
973 63
974 8
975 63
976 209
977 9
978 acq
979 earn
980 0
981 acq
982 13
983 142
984 185
985 acq
986 185
987 252
988 96
989 66
990 66
991 63
992 acq
993 222
994 85
995 96
996 66
997 acq
998 13
999 59
1000 acq
1001 59
1002 61
1003 76
1004 59
1005 96
1006 153
1007 69
1008 121
1009 63
1010 7
1011 acq
1012 174
1013 acq
1014 acq
1015 5
1016 earn
1017 earn
1018 earn
1019 earn
1020 37
1021 earn
1022 acq
1023 1
1024 acq
1025 252
1026 acq
1027 acq
1028 earn
1029 earn
1030 198
1031 72
1032 earn
1033 234
1034 72
1035 142
1036 30
1037 earn
1038 96
1039 72
1040 acq
1041 acq
1042 earn
1043 acq
1044 acq
1045 37
1046 37
1047 142
1048 101
1049 138
1050 72
1051 172
1052 111
1053 72
1054 155
1055 172
1056 51
1057 21
1058 101
1059 acq
1060 101
1061 172
1062 72
1063 101
1064 acq
1065 earn
1066 earn
1067 acq
1068 25
1069 139
1070 earn
1071 earn
1072 earn
1073 37
1074 earn
1075 earn
1076 acq
1077 acq
1078 acq
1079 72
1080 earn
1081 earn
1082 142
1083 acq
1084 30
1085 earn
1086 142
1087 109
1088 9
1089 151
1090 25
1091 155
1092 66
1093 earn
1094 155
1095 earn
1096 277
1097 246
1098 earn
1099 172
1100 39
1101 121
1102 40
1103 earn
1104 127
1105 earn
1106 earn
1107 142
1108 155
1109 earn
1110 37
1111 138
1112 172
1113 acq
1114 acq
1115 earn
1116 37
1117 235
1118 1
1119 37
1120 earn
1121 earn
1122 142
1123 142
1124 235
1125 7
1126 76
1127 earn
1128 earn
1129 earn
1130 37
1131 acq
1132 37
1133 66
1134 earn
1135 acq
1136 acq
1137 72
1138 acq
1139 acq
1140 earn
1141 25
1142 72
1143 72
1144 acq
1145 11
1146 earn
1147 72
1148 142
1149 earn
1150 193
1151 142
1152 66
1153 126
1154 66
1155 72
1156 37
1157 142
1158 acq
1159 72
1160 42
1161 acq
1162 11
1163 acq
1164 70
1165 31
1166 1
1167 72
1168 earn
1169 earn
1170 7
1171 earn
1172 earn
1173 138
1174 1
1175 acq
1176 109
1177 229
1178 earn
1179 229
1180 earn
1181 earn
1182 acq
1183 acq
1184 acq
1185 acq
1186 earn
1187 111
1188 50
1189 197
1190 earn
1191 142
1192 142
1193 acq
1194 earn
1195 acq
1196 1
1197 13
1198 acq
1199 57
1200 37
1201 1
1202 earn
1203 acq
1204 earn
1205 66
1206 crude
1207 earn
1208 1
1209 172
1210 37
1211 acq
1212 acq
1213 30
1214 172
1215 207
1216 acq
1217 acq
1218 142
1219 72
1220 earn
1221 72
1222 acq
1223 acq
1224 earn
1225 earn
1226 109
1227 earn
1228 72
1229 168
1230 earn
1231 acq
1232 72
1233 earn
1234 earn
1235 13
1236 25
1237 72
1238 earn
1239 79
1240 28
1241 earn
1242 72
1243 acq
1244 41
1245 acq
1246 1
1247 177
1248 5
1249 172
1250 138
1251 earn
1252 78
1253 earn
1254 earn
1255 acq
1256 37
1257 142
1258 72
1259 177
1260 142
1261 1
1262 earn
1263 acq
1264 79
1265 79
1266 172
1267 72
1268 acq
1269 37
1270 acq
1271 acq
1272 0
1273 153
1274 earn
1275 72
1276 230
1277 235
1278 142
1279 66
1280 earn
1281 acq
1282 acq
1283 earn
1284 acq
1285 earn
1286 earn
1287 earn
1288 66
1289 acq
1290 earn
1291 earn
1292 acq
1293 acq
1294 41
1295 37
1296 earn
1297 acq
1298 earn
1299 earn
1300 acq
1301 251
1302 37
1303 142
1304 acq
1305 earn
1306 37
1307 37
1308 66
1309 13
1310 8
1311 120
1312 57
1313 48
1314 278
1315 acq
1316 61
1317 25
1318 89
1319 63
1320 252
1321 61
1322 252
1323 11
1324 215
1325 acq
1326 37
1327 65
1328 33
1329 142
1330 acq
1331 242
1332 1
1333 61
1334 acq
1335 earn
1336 25
1337 198
1338 25
1339 8
1340 37
1341 34
1342 109
1343 37
1344 acq
1345 7
1346 acq
1347 25
1348 13
1349 25
1350 25
1351 33
1352 72
1353 acq
1354 37
1355 37
1356 20
1357 7
1358 acq
1359 44
1360 acq
1361 94
1362 acq
1363 earn
1364 265
1365 35
1366 5
1367 72
1368 earn
1369 213
1370 acq
1371 72
1372 265
1373 earn
1374 37
1375 1
1376 earn
1377 1
1378 63
1379 32
1380 109
1381 acq
1382 270
1383 acq
1384 acq
1385 acq
1386 acq
1387 acq
1388 147
1389 acq
1390 78
1391 37
1392 37
1393 81
1394 acq
1395 60
1396 138
1397 earn
1398 131
1399 oil
1400 earn
1401 earn
1402 72
1403 earn
1404 37
1405 acq
1406 138
1407 earn
1408 142
1409 178
1410 72
1411 178
1412 earn
1413 115
1414 24
1415 earn
1416 earn
1417 37
1418 172
1419 earn
1420 8
1421 56
1422 13
1423 13
1424 acq
1425 13
1426 acq
1427 acq
1428 25
1429 15
1430 acq
1431 37
1432 acq
1433 165
1434 128
1435 165
1436 acq
1437 142
1438 165
1439 13
1440 68
1441 66
1442 9
1443 63
1444 8
1445 252
1446 66
1447 acq
1448 15
1449 acq
1450 acq
1451 50
1452 72
1453 66
1454 63
1455 85
1456 85
1457 66
1458 65
1459 acq
1460 acq
1461 128
1462 138
1463 1
1464 33
1465 earn
1466 15
1467 37
1468 acq
1469 88
1470 70
1471 earn
1472 33
1473 66
1474 167
1475 63
1476 66
1477 earn
1478 94
1479 acq
1480 acq
1481 68
1482 acq
1483 earn
1484 68
1485 earn
1486 acq
1487 earn
1488 138
1489 earn
1490 33
1491 37
1492 earn
1493 155
1494 226
1495 110
1496 37
1497 37
1498 acq
1499 acq
1500 acq
1501 13
1502 earn
1503 142
1504 earn
1505 78
1506 acq
1507 earn
1508 earn
1509 32
1510 164
1511 155
1512 acq
1513 172
1514 155
1515 earn
1516 earn
1517 32
1518 155
1519 1
1520 197
1521 138
1522 earn
1523 acq
1524 172
1525 acq
1526 68
1527 41
1528 41
1529 37
1530 acq
1531 acq
1532 142
1533 17
1534 acq
1535 139
1536 acq
1537 acq
1538 acq
1539 142
1540 acq
1541 acq
1542 17
1543 acq
1544 11
1545 68
1546 acq
1547 acq
1548 earn
1549 37
1550 68
1551 68
1552 acq
1553 142
1554 acq
1555 13
1556 earn
1557 111
1558 acq
1559 earn
1560 33
1561 1
1562 40
1563 49
1564 earn
1565 earn
1566 earn
1567 acq
1568 earn
1569 earn
1570 acq
1571 acq
1572 25
1573 acq
1574 40
1575 25
1576 66
1577 20
1578 66
1579 40
1580 142
1581 crude
1582 acq
1583 138
1584 earn
1585 146
1586 120
1587 1
1588 acq
1589 37
1590 51
1591 1
1592 acq
1593 acq
1594 earn
1595 earn
1596 50
1597 27
1598 acq
1599 72
1600 earn
1601 earn
1602 earn
1603 earn
1604 1
1605 85
1606 earn
1607 85
1608 66
1609 earn
1610 1
1611 142
1612 138
1613 earn
1614 37
1615 earn
1616 acq
1617 earn
1618 37
1619 27
1620 111
1621 39
1622 226
1623 37
1624 acq
1625 66
1626 226
1627 51
1628 acq
1629 26
1630 earn
1631 86
1632 earn
1633 194
1634 acq
1635 acq
1636 30
1637 37
1638 acq
1639 27
1640 209
1641 37
1642 37
1643 acq
1644 acq
1645 194
1646 3
1647 115
1648 acq
1649 30
1650 acq
1651 acq
1652 115
1653 226
1654 earn
1655 27
1656 194
1657 earn
1658 142
1659 acq
1660 acq
1661 1
1662 acq
1663 acq
1664 earn
1665 142
1666 142
1667 142
1668 37
1669 258
1670 13
1671 acq
1672 8
1673 166
1674 194
1675 126
1676 66
1677 20
1678 6
1679 20
1680 33
1681 crude
1682 11
1683 142
1684 66
1685 13
1686 1
1687 acq
1688 crude
1689 8
1690 earn
1691 126
1692 7
1693 8
1694 earn
1695 226
1696 273
1697 72
1698 68
1699 6
1700 13
1701 acq
1702 61
1703 acq
1704 37
1705 acq
1706 10
1707 acq
1708 acq
1709 10
1710 142
1711 142
1712 120
1713 9
1714 earn
1715 142
1716 73
1717 66
1718 267
1719 acq
1720 150
1721 acq
1722 acq
1723 41
1724 130
1725 earn
1726 51
1727 acq
1728 acq
1729 acq
1730 13
1731 earn
1732 63
1733 acq
1734 71
1735 138
1736 41
1737 138
1738 11
1739 94
1740 earn
1741 142
1742 68
1743 earn
1744 25
1745 37
1746 earn
1747 earn
1748 171
1749 172
1750 3
1751 56
1752 acq
1753 37
1754 37
1755 21
1756 acq
1757 acq
1758 earn
1759 earn
1760 37
1761 37
1762 63
1763 earn
1764 acq
1765 17
1766 70
1767 142
1768 acq
1769 138
1770 1
1771 earn
1772 earn
1773 142
1774 167
1775 60
1776 earn
1777 60
1778 60
1779 earn
1780 crude
1781 37
1782 acq
1783 60
1784 earn
1785 142
1786 259
1787 37
1788 25
1789 37
1790 134
1791 134
1792 126
1793 37
1794 earn
1795 earn
1796 134
1797 acq
1798 250
1799 earn
1800 134
1801 118
1802 earn
1803 36
1804 14
1805 earn
1806 earn
1807 acq
1808 earn
1809 acq
1810 acq
1811 37
1812 109
1813 111
1814 acq
1815 acq
1816 142
1817 142
1818 acq
1819 51
1820 earn
1821 203
1822 25
1823 earn
1824 142
1825 acq
1826 41
1827 250
1828 126
1829 acq
1830 138
1831 77
1832 134
1833 earn
1834 138
1835 earn
1836 acq
1837 126
1838 acq
1839 142
1840 earn
1841 37
1842 41
1843 37
1844 acq
1845 142
1846 37
1847 earn
1848 37
1849 237
1850 3
1851 237
1852 89
1853 70
1854 earn
1855 3
1856 146
1857 37
1858 acq
1859 94
1860 crude
1861 252
1862 142
1863 earn
1864 139
1865 acq
1866 earn
1867 68
1868 11
1869 earn
1870 earn
1871 5
1872 172
1873 acq
1874 earn
1875 172
1876 37
1877 acq
1878 acq
1879 41
1880 earn
1881 earn
1882 earn
1883 earn
1884 earn
1885 acq
1886 138
1887 earn
1888 acq
1889 acq
1890 142
1891 142
1892 142
1893 142
1894 142
1895 172
1896 37
1897 30
1898 48
1899 earn
1900 63
1901 51
1902 acq
1903 142
1904 acq
1905 138
1906 earn
1907 138
1908 earn
1909 acq
1910 acq
1911 earn
1912 acq
1913 acq
1914 acq
1915 earn
1916 72
1917 earn
1918 226
1919 37
1920 37
1921 earn
1922 37
1923 acq
1924 226
1925 45
1926 earn
1927 37
1928 138
1929 142
1930 26
1931 23
1932 138
1933 acq
1934 25
1935 earn
1936 142
1937 earn
1938 earn
1939 126
1940 138
1941 179
1942 acq
1943 25
1944 acq
1945 262
1946 84
1947 172
1948 171
1949 142
1950 138
1951 earn
1952 172
1953 earn
1954 142
1955 acq
1956 37
1957 25
1958 acq
1959 37
1960 30
1961 3
1962 earn
1963 acq
1964 109
1965 142
1966 oil
1967 79
1968 earn
1969 earn
1970 138
1971 earn
1972 earn
1973 earn
1974 acq
1975 earn
1976 11
1977 earn
1978 252
1979 earn
1980 earn
1981 142
1982 142
1983 8
1984 earn
1985 142
1986 acq
1987 138
1988 earn
1989 earn
1990 142
1991 142
1992 earn
1993 acq
1994 138
1995 37
1996 acq
1997 acq
1998 66
1999 acq
2000 acq
2001 earn
2002 142
2003 oil
2004 109
2005 earn
2006 138
2007 earn
2008 acq
2009 earn
2010 earn
2011 crude
2012 94
2013 26
2014 37
2015 138
2016 11
2017 acq
2018 acq
2019 142
2020 118
2021 earn
2022 acq
2023 earn
2024 earn
2025 earn
2026 earn
2027 earn
2028 earn
2029 142
2030 30
2031 142
2032 earn
2033 earn
2034 142
2035 earn
2036 15
2037 138
2038 115
2039 acq
2040 142
2041 acq
2042 acq
2043 acq
2044 earn
2045 acq
2046 25
2047 acq
2048 earn
2049 acq
2050 acq
2051 97
2052 25
2053 acq
2054 1
2055 acq
2056 75
2057 earn
2058 earn
2059 earn
2060 crude
2061 20
2062 acq
2063 37
2064 earn
2065 142
2066 crude
2067 142
2068 15
2069 142
2070 37
2071 140
2072 earn
2073 54
2074 earn
2075 acq
2076 11
2077 37
2078 earn
2079 acq
2080 acq
2081 acq
2082 acq
2083 138
2084 115
2085 earn
2086 226
2087 earn
2088 45
2089 acq
2090 196
2091 142
2092 earn
2093 earn
2094 142
2095 earn
2096 142
2097 acq
2098 67
2099 142
2100 8
2101 acq
2102 acq
2103 acq
2104 138
2105 142
2106 acq
2107 79
2108 37
2109 acq
2110 earn
2111 1
2112 25
2113 142
2114 8
2115 37
2116 142
2117 142
2118 earn
2119 172
2120 acq
2121 1
2122 earn
2123 25
2124 66
2125 245
2126 earn
2127 acq
2128 oil
2129 earn
2130 acq
2131 earn
2132 266
2133 123
2134 acq
2135 earn
2136 acq
2137 116
2138 earn
2139 100
2140 earn
2141 142
2142 172
2143 earn
2144 15
2145 67
2146 acq
2147 66
2148 79
2149 165
2150 13
2151 43
2152 crude
2153 172
2154 acq
2155 acq
2156 acq
2157 37
2158 112
2159 37
2160 1
2161 59
2162 acq
2163 acq
2164 13
2165 8
2166 172
2167 8
2168 54
2169 20
2170 15
2171 66
2172 earn
2173 32
2174 66
2175 acq
2176 244
2177 198
2178 109
2179 acq
2180 148
2181 141
2182 140
2183 acq
2184 crude
2185 1
2186 13
2187 acq
2188 35
2189 37
2190 79
2191 earn
2192 88
2193 earn
2194 50
2195 125
2196 acq
2197 earn
2198 earn
2199 earn
2200 acq
2201 25
2202 earn
2203 129
2204 earn
2205 earn
2206 153
2207 earn
2208 3
2209 acq
2210 earn
2211 172
2212 earn
2213 earn
2214 142
2215 32
2216 earn
2217 acq
2218 66
2219 9
2220 269
2221 242
2222 138
2223 acq
2224 earn
2225 earn
2226 84
2227 267
2228 earn
2229 earn
2230 earn
2231 30
2232 96
2233 37
2234 9
2235 acq
2236 33
2237 earn
2238 acq
2239 66
2240 37
2241 179
2242 earn
2243 crude
2244 3
2245 acq
2246 1
2247 acq
2248 57
2249 earn
2250 3
2251 9
2252 acq
2253 earn
2254 earn
2255 acq
2256 142
2257 142
2258 51
2259 3
2260 acq
2261 226
2262 142
2263 3
2264 earn
2265 217
2266 37
2267 79
2268 23
2269 78
2270 earn
2271 earn
2272 earn
2273 37
2274 138
2275 172
2276 13
2277 84
2278 37
2279 earn
2280 109
2281 260
2282 142
2283 earn
2284 142
2285 78
2286 1
2287 141
2288 37
2289 acq
2290 acq
2291 earn
2292 66
2293 138
2294 8
2295 earn
2296 earn
2297 acq
2298 142
2299 109
2300 acq
2301 202
2302 109
2303 179
2304 earn
2305 13
2306 1
2307 earn
2308 earn
2309 37
2310 138
2311 37
2312 37
2313 earn
2314 acq
2315 37
2316 earn
2317 55
2318 earn
2319 earn
2320 earn
2321 59
2322 acq
2323 226
2324 37
2325 acq
2326 earn
2327 acq
2328 acq
2329 37
2330 earn
2331 37
2332 138
2333 earn
2334 171
2335 acq
2336 earn
2337 66
2338 earn
2339 acq
2340 acq
2341 acq
2342 171
2343 13
2344 142
2345 earn
2346 earn
2347 60
2348 earn
2349 earn
2350 142
2351 142
2352 earn
2353 acq
2354 142
2355 142
2356 142
2357 earn
2358 earn
2359 37
2360 82
2361 crude
2362 acq
2363 37
2364 66
2365 37
2366 37
2367 84
2368 1
2369 1
2370 74
2371 acq
2372 earn
2373 crude
2374 142
2375 earn
2376 196
2377 142
2378 earn
2379 acq
2380 142
2381 142
2382 138
2383 earn
2384 61
2385 111
2386 37
2387 15
2388 earn
2389 acq
2390 17
2391 25
2392 acq
2393 165
2394 earn
2395 37
2396 earn
2397 earn
2398 30
2399 37
2400 earn
2401 142
2402 111
2403 111
2404 acq
2405 crude
2406 earn
2407 earn
2408 66
2409 3
2410 acq
2411 111
2412 111
2413 15
2414 acq
2415 236
2416 acq
2417 earn
2418 acq
2419 1
2420 acq
2421 earn
2422 earn
2423 crude
2424 212
2425 142
2426 earn
2427 earn
2428 earn
2429 7
2430 earn
2431 acq
2432 37
2433 142
2434 earn
2435 180
2436 15
2437 acq
2438 earn
2439 acq
2440 acq
2441 37
2442 99
2443 earn
2444 earn
2445 256
2446 crude
2447 acq
2448 acq
2449 acq
2450 8
2451 acq
2452 acq
2453 acq
2454 256
2455 earn
2456 acq
2457 171
2458 acq
2459 acq
2460 acq
2461 earn
2462 138
2463 8
2464 acq
2465 acq
2466 66
2467 66
2468 acq
2469 8
2470 earn
2471 37
2472 20
2473 37
2474 earn
2475 earn
2476 64
2477 63
2478 earn
2479 earn
2480 earn
2481 37
2482 acq
2483 acq
2484 acq
2485 acq
2486 142
2487 earn
2488 98
2489 30
2490 142
2491 172
2492 3
2493 8
2494 earn
2495 142
2496 earn
2497 217
2498 1
2499 8
2500 earn
2501 22
2502 80
2503 142
2504 22
2505 138
2506 earn
2507 earn
2508 126
2509 246
2510 138
2511 226
2512 125
2513 90
2514 acq
2515 earn
2516 256
2517 39
2518 3
2519 acq
2520 1
2521 earn
2522 earn
2523 acq
2524 earn
2525 138
2526 9
2527 earn
2528 acq
2529 acq
2530 earn
2531 37
2532 218
2533 earn
2534 crude
2535 earn
2536 earn
2537 37
2538 172
2539 acq
2540 earn
2541 earn
2542 earn
2543 acq
2544 37
2545 acq
2546 earn
2547 68
2548 138
2549 9
2550 226
2551 66
2552 acq
2553 37
2554 crude
2555 acq
2556 37
2557 111
2558 33
2559 24
2560 earn
2561 earn
2562 earn
2563 earn
2564 earn
2565 earn
2566 earn
2567 109
2568 earn
2569 17
2570 acq
2571 7
2572 216
2573 crude
2574 32
2575 acq
2576 142
2577 142
2578 142
2579 crude
2580 142
2581 142
2582 acq
2583 31
2584 17
2585 142
2586 earn
2587 8
2588 1
2589 1
2590 152
2591 87
2592 37
2593 91
2594 acq
2595 37
2596 3
2597 1
2598 37
2599 earn
2600 earn
2601 142
2602 154
2603 acq
2604 5
2605 67
2606 acq
2607 acq
2608 53
2609 earn
2610 earn
2611 earn
2612 37
2613 65
2614 1
2615 earn
2616 earn
2617 75
2618 earn
2619 33
2620 acq
2621 acq
2622 142
2623 earn
2624 41
2625 53
2626 earn
2627 51
2628 116
2629 earn
2630 acq
2631 111
2632 51
2633 earn
2634 earn
2635 11
2636 acq
2637 142
2638 earn
2639 37
2640 acq
2641 acq
2642 acq
2643 acq
2644 7
2645 acq
2646 acq
2647 142
2648 87
2649 37
2650 142
2651 37
2652 acq
2653 earn
2654 earn
2655 138
2656 247
2657 1
2658 acq
2659 acq
2660 142
2661 earn
2662 8
2663 acq
2664 acq
2665 86
2666 earn
2667 87
2668 87
2669 86
2670 53
2671 acq
2672 acq
2673 acq
2674 acq
2675 acq
2676 13
2677 acq
2678 194
2679 53
2680 1
2681 53
2682 53
2683 59
2684 59
2685 59
2686 59
2687 8
2688 66
2689 53
2690 114
2691 171
2692 crude
2693 25
2694 109
2695 acq
2696 66
2697 38
2698 8
2699 54
2700 acq
2701 59
2702 acq
2703 acq
2704 acq
2705 8
2706 crude
2707 acq
2708 111
2709 63
2710 94
2711 72
2712 13
2713 142
2714 acq
2715 86
2716 acq
2717 acq
2718 96
2719 1
2720 acq
2721 55
2722 171
2723 66
2724 4
2725 41
2726 21
2727 acq
2728 acq
2729 acq
2730 167
2731 166
2732 acq
2733 13
2734 272
2735 125
2736 crude
2737 48
2738 7
2739 acq
2740 1
2741 64
2742 37
2743 96
2744 63
2745 acq
2746 96
2747 acq
2748 acq
2749 190
2750 acq
2751 25
2752 acq
2753 107
2754 acq
2755 1
2756 72
2757 72
2758 acq
2759 37
2760 13
2761 acq
2762 acq
2763 acq
2764 acq
2765 196
2766 35
2767 acq
2768 13
2769 109
2770 acq
2771 acq
2772 196
2773 66
2774 275
2775 66
2776 31
2777 crude
2778 37
2779 37
2780 13
2781 31
2782 13
2783 40
2784 13
2785 13
2786 72
2787 80
2788 31
2789 8
2790 32
2791 163
2792 11
2793 37
2794 1
2795 acq
2796 acq
2797 7
2798 acq
2799 111
2800 1
2801 79
2802 172
2803 32
2804 acq
2805 8
2806 40
2807 acq
2808 172
2809 172
2810 acq
2811 261
2812 27
2813 172
2814 188
2815 66
2816 138
2817 1
2818 15
2819 23
2820 acq
2821 85
2822 94
2823 85
2824 acq
2825 53
2826 13
2827 13
2828 20
2829 acq
2830 0
2831 193
2832 acq
2833 15
2834 261
2835 acq
2836 1
2837 37
2838 3
2839 acq
2840 acq
2841 acq
2842 63
2843 138
2844 231
2845 138
2846 acq
2847 1
2848 acq
2849 acq
2850 acq
2851 37
2852 37
2853 37
2854 37
2855 acq
2856 112
2857 66
2858 112
2859 acq
2860 acq
2861 acq
2862 1
2863 acq
2864 acq
2865 172
2866 261
2867 acq
2868 1
2869 228
2870 228
2871 acq
2872 0
2873 0
2874 acq
2875 17
2876 17
2877 171
2878 crude
2879 64
2880 1
2881 41
2882 37
2883 41
2884 48
2885 172
2886 3
2887 138
2888 acq
2889 128
2890 51
2891 30
2892 15
2893 66
2894 acq
2895 79
2896 acq
2897 3
2898 13
2899 122
2900 23
2901 10
2902 acq
2903 16
2904 63
2905 25
2906 251
2907 214
2908 108
2909 37
2910 acq
2911 138
2912 acq
2913 acq
2914 172
2915 66
2916 acq
2917 acq
2918 1
2919 acq
2920 acq
2921 acq
2922 282
2923 acq
2924 1
2925 acq
2926 acq
2927 acq
2928 acq
2929 25
2930 acq
2931 acq
2932 acq
2933 109
2934 110
2935 126
2936 51
2937 11
2938 53
2939 25
2940 117
2941 25
2942 44
2943 15
2944 32
2945 crude
2946 crude
2947 59
2948 32
2949 25
2950 42
2951 154
2952 37
2953 8
2954 9
2955 42
2956 8
2957 128
2958 9
2959 61
2960 acq
2961 59
2962 61
2963 63
2964 33
2965 59
2966 66
2967 236
2968 37
2969 acq
2970 252
2971 72
2972 37
2973 75
2974 75
2975 252
2976 66
2977 59
2978 crude
2979 8
2980 154
2981 15
2982 crude
2983 11
2984 63
2985 66
2986 66
2987 21
2988 66
2989 15
2990 acq
2991 66
2992 earn
2993 earn
2994 32
2995 25
2996 33
2997 crude
2998 earn
2999 75
3000 37
3001 1
3002 37
3003 acq
3004 earn
3005 141
3006 crude
3007 171
3008 acq
3009 138
3010 55
3011 138
3012 189
3013 142
3014 earn
3015 63
3016 earn
3017 5
3018 1
3019 55
3020 5
3021 94
3022 crude
3023 acq
3024 37
3025 138
3026 acq
3027 142
3028 142
3029 earn
3030 138
3031 earn
3032 138
3033 acq
3034 crude
3035 acq
3036 89
3037 63
3038 89
3039 37
3040 1
3041 138
3042 48
3043 acq
3044 138
3045 earn
3046 17
3047 earn
3048 earn
3049 189
3050 earn
3051 acq
3052 earn
3053 earn
3054 earn
3055 8
3056 acq
3057 acq
3058 1
3059 142
3060 earn
3061 142
3062 acq
3063 acq
3064 13
3065 13
3066 20
3067 earn
3068 earn
3069 earn
3070 earn
3071 acq
3072 142
3073 earn
3074 earn
3075 earn
3076 37
3077 9
3078 acq
3079 51
3080 earn
3081 earn
3082 37
3083 earn
3084 252
3085 72
3086 17
3087 acq
3088 acq
3089 acq
3090 acq
3091 earn
3092 acq
3093 1
3094 acq
3095 earn
3096 acq
3097 111
3098 earn
3099 142
3100 51
3101 earn
3102 8
3103 earn
3104 95
3105 37
3106 37
3107 acq
3108 acq
3109 7
3110 142
3111 9
3112 earn
3113 142
3114 37
3115 acq
3116 acq
3117 9
3118 66
3119 142
3120 142
3121 142
3122 64
3123 earn
3124 68
3125 oil
3126 earn
3127 138
3128 142
3129 acq
3130 37
3131 1
3132 9
3133 earn
3134 earn
3135 earn
3136 earn
3137 142
3138 142
3139 acq
3140 acq
3141 8
3142 105
3143 1
3144 171
3145 1
3146 earn
3147 8
3148 earn
3149 earn
3150 142
3151 142
3152 264
3153 earn
3154 acq
3155 13
3156 acq
3157 46
3158 acq
3159 138
3160 acq
3161 8
3162 acq
3163 earn
3164 37
3165 54
3166 37
3167 3
3168 58
3169 earn
3170 acq
3171 138
3172 142
3173 earn
3174 1
3175 37
3176 9
3177 acq
3178 earn
3179 earn
3180 acq
3181 earn
3182 142
3183 acq
3184 earn
3185 138
3186 37
3187 oil
3188 acq
3189 37
3190 196
3191 37
3192 earn
3193 earn
3194 acq
3195 37
3196 37
3197 earn
3198 15
3199 earn
3200 142
3201 earn
3202 earn
3203 acq
3204 1
3205 1
3206 142
3207 256
3208 3
3209 acq
3210 earn
3211 acq
3212 252
3213 acq
3214 51
3215 15
3216 acq
3217 acq
3218 37
3219 acq
3220 41
3221 142
3222 earn
3223 acq
3224 37
3225 earn
3226 earn
3227 20
3228 earn
3229 79
3230 78
3231 acq
3232 138
3233 141
3234 earn
3235 22
3236 earn
3237 230
3238 273
3239 earn
3240 106
3241 120
3242 34
3243 18
3244 1
3245 172
3246 earn
3247 earn
3248 acq
3249 1
3250 acq
3251 earn
3252 earn
3253 17
3254 acq
3255 37
3256 249
3257 earn
3258 acq
3259 earn
3260 earn
3261 earn
3262 37
3263 7
3264 earn
3265 138
3266 142
3267 25
3268 132
3269 crude
3270 earn
3271 15
3272 234
3273 acq
3274 oil
3275 acq
3276 126
3277 crude
3278 138
3279 170
3280 1
3281 37
3282 15
3283 138
3284 128
3285 1
3286 42
3287 25
3288 8
3289 138
3290 171
3291 150
3292 8
3293 acq
3294 9
3295 105
3296 66
3297 56
3298 138
3299 66
3300 8
3301 37
3302 acq
3303 8
3304 37
3305 acq
3306 9
3307 61
3308 63
3309 59
3310 37
3311 acq
3312 59
3313 59
3314 252
3315 37
3316 37
3317 109
3318 earn
3319 earn
3320 59
3321 8
3322 9
3323 37
3324 acq
3325 9
3326 33
3327 65
3328 acq
3329 8
3330 17
3331 8
3332 59
3333 170
3334 1
3335 crude
3336 37
3337 acq
3338 126
3339 earn
3340 earn
3341 37
3342 142
3343 acq
3344 acq
3345 281
3346 59
3347 48
3348 acq
3349 acq
3350 earn
3351 25
3352 earn
3353 acq
3354 33
3355 37
3356 37
3357 5
3358 66
3359 acq
3360 earn
3361 204
3362 15
3363 11
3364 crude
3365 138
3366 earn
3367 142
3368 138
3369 213
3370 acq
3371 earn
3372 3
3373 earn
3374 81
3375 142
3376 earn
3377 41
3378 7
3379 earn
3380 acq
3381 acq
3382 earn
3383 142
3384 acq
3385 43
3386 earn
3387 59
3388 earn
3389 earn
3390 earn
3391 37
3392 acq
3393 142
3394 acq
3395 142
3396 162
3397 32
3398 acq
3399 acq
3400 acq
3401 earn
3402 acq
3403 142
3404 142
3405 142
3406 crude
3407 acq
3408 142
3409 49
3410 earn
3411 earn
3412 108
3413 earn
3414 37
3415 66
3416 earn
3417 earn
3418 acq
3419 3
3420 98
3421 64
3422 180
3423 142
3424 37
3425 earn
3426 66
3427 earn
3428 111
3429 66
3430 acq
3431 earn
3432 acq
3433 earn
3434 acq
3435 earn
3436 1
3437 earn
3438 earn
3439 acq
3440 earn
3441 28
3442 earn
3443 142
3444 acq
3445 earn
3446 37
3447 acq
3448 crude
3449 earn
3450 197
3451 142
3452 218
3453 earn
3454 37
3455 7
3456 37
3457 earn
3458 115
3459 earn
3460 earn
3461 acq
3462 acq
3463 earn
3464 earn
3465 37
3466 37
3467 acq
3468 1
3469 earn
3470 acq
3471 earn
3472 138
3473 earn
3474 earn
3475 9
3476 142
3477 142
3478 earn
3479 197
3480 142
3481 142
3482 142
3483 9
3484 142
3485 142
3486 142
3487 70
3488 acq
3489 earn
3490 7
3491 66
3492 30
3493 10
3494 1
3495 37
3496 acq
3497 142
3498 earn
3499 138
3500 earn
3501 68
3502 27
3503 88
3504 74
3505 64
3506 207
3507 37
3508 earn
3509 142
3510 acq
3511 142
3512 226
3513 142
3514 acq
3515 72
3516 earn
3517 142
3518 172
3519 142
3520 72
3521 earn
3522 13
3523 142
3524 3
3525 79
3526 acq
3527 79
3528 226
3529 acq
3530 66
3531 earn
3532 172
3533 earn
3534 earn
3535 1
3536 191
3537 172
3538 72
3539 72
3540 250
3541 111
3542 25
3543 earn
3544 97
3545 earn
3546 138
3547 72
3548 1
3549 acq
3550 earn
3551 138
3552 23
3553 100
3554 acq
3555 134
3556 111
3557 111
3558 earn
3559 37
3560 51
3561 earn
3562 142
3563 41
3564 23
3565 111
3566 111
3567 111
3568 acq
3569 acq
3570 268
3571 acq
3572 3
3573 138
3574 25
3575 earn
3576 134
3577 79
3578 earn
3579 142
3580 59
3581 59
3582 172
3583 79
3584 acq
3585 earn
3586 37
3587 172
3588 172
3589 acq
3590 79
3591 acq
3592 acq
3593 27
3594 25
3595 0
3596 54
3597 66
3598 54
3599 acq
3600 acq
3601 crude
3602 142
3603 59
3604 138
3605 acq
3606 171
3607 226
3608 37
3609 199
3610 acq
3611 66
3612 66
3613 25
3614 acq
3615 267
3616 8
3617 acq
3618 142
3619 43
3620 acq
3621 59
3622 24
3623 9
3624 136
3625 15
3626 159
3627 264
3628 239
3629 acq
3630 earn
3631 acq
3632 crude
3633 crude
3634 25
3635 63
3636 acq
3637 8
3638 33
3639 264
3640 27
3641 32
3642 37
3643 1
3644 8
3645 37
3646 48
3647 66
3648 142
3649 acq
3650 24
3651 171
3652 126
3653 crude
3654 crude
3655 15
3656 earn
3657 earn
3658 acq
3659 171
3660 128
3661 acq
3662 171
3663 acq
3664 181
3665 48
3666 acq
3667 earn
3668 earn
3669 acq
3670 37
3671 earn
3672 32
3673 5
3674 3
3675 16
3676 72
3677 earn
3678 63
3679 11
3680 48
3681 acq
3682 1
3683 9
3684 acq
3685 earn
3686 9
3687 earn
3688 138
3689 acq
3690 142
3691 171
3692 3
3693 14
3694 acq
3695 earn
3696 earn
3697 earn
3698 earn
3699 264
3700 37
3701 earn
3702 acq
3703 acq
3704 138
3705 142
3706 earn
3707 acq
3708 earn
3709 acq
3710 32
3711 66
3712 37
3713 acq
3714 earn
3715 170
3716 acq
3717 earn
3718 earn
3719 142
3720 7
3721 earn
3722 210
3723 earn
3724 79
3725 226
3726 15
3727 earn
3728 acq
3729 177
3730 130
3731 acq
3732 acq
3733 244
3734 171
3735 acq
3736 1
3737 37
3738 157
3739 23
3740 acq
3741 earn
3742 1
3743 138
3744 8
3745 197
3746 earn
3747 142
3748 earn
3749 49
3750 16
3751 acq
3752 acq
3753 earn
3754 earn
3755 acq
3756 earn
3757 37
3758 72
3759 111
3760 earn
3761 acq
3762 earn
3763 acq
3764 33
3765 earn
3766 7
3767 acq
3768 earn
3769 acq
3770 142
3771 31
3772 1
3773 3
3774 acq
3775 acq
3776 35
3777 32
3778 acq
3779 earn
3780 earn
3781 acq
3782 acq
3783 acq
3784 crude
3785 acq
3786 142
3787 142
3788 acq
3789 142
3790 earn
3791 138
3792 acq
3793 7
3794 142
3795 earn
3796 earn
3797 earn
3798 23
3799 acq
3800 142
3801 earn
3802 earn
3803 25
3804 41
3805 119
3806 earn
3807 acq
3808 3
3809 earn
3810 84
3811 earn
3812 earn
3813 acq
3814 142
3815 142
3816 earn
3817 25
3818 138
3819 111
3820 142
3821 51
3822 157
3823 5
3824 66
3825 37
3826 earn
3827 earn
3828 acq
3829 earn
3830 142
3831 acq
3832 acq
3833 acq
3834 142
3835 earn
3836 142
3837 142
3838 earn
3839 142
3840 earn
3841 acq
3842 acq
3843 acq
3844 earn
3845 acq
3846 earn
3847 acq
3848 earn
3849 79
3850 acq
3851 acq
3852 37
3853 20
3854 acq
3855 crude
3856 crude
3857 142
3858 acq
3859 27
3860 27
3861 37
3862 66
3863 earn
3864 142
3865 20
3866 66
3867 211
3868 7
3869 142
3870 acq
3871 acq
3872 8
3873 132
3874 6
3875 25
3876 50
3877 255
3878 crude
3879 7
3880 142
3881 66
3882 37
3883 8
3884 126
3885 1
3886 8
3887 171
3888 15
3889 9
3890 20
3891 145
3892 7
3893 123
3894 7
3895 acq
3896 1
3897 112
3898 acq
3899 acq
3900 68
3901 142
3902 8
3903 37
3904 66
3905 acq
3906 acq
3907 59
3908 acq
3909 acq
3910 63
3911 1
3912 acq
3913 acq
3914 acq
3915 1
3916 acq
3917 13
3918 acq
3919 8
3920 85
3921 132
3922 crude
3923 acq
3924 43
3925 37
3926 238
3927 33
3928 48
3929 8
3930 acq
3931 59
3932 66
3933 acq
3934 59
3935 crude
3936 63
3937 crude
3938 84
3939 crude
3940 acq
3941 264
3942 66
3943 earn
3944 27
3945 264
3946 64
3947 1
3948 acq
3949 25
3950 142
3951 acq
3952 acq
3953 acq
3954 138
3955 earn
3956 acq
3957 142
3958 earn
3959 138
3960 90
3961 acq
3962 earn
3963 acq
3964 142
3965 earn
3966 earn
3967 earn
3968 earn
3969 earn
3970 66
3971 acq
3972 64
3973 earn
3974 8
3975 253
3976 earn
3977 264
3978 200
3979 earn
3980 171
3981 acq
3982 32
3983 0
3984 acq
3985 earn
3986 earn
3987 acq
3988 earn
3989 66
3990 142
3991 acq
3992 earn
3993 30
3994 138
3995 acq
3996 earn
3997 earn
3998 earn
3999 acq
4000 earn
4001 earn
4002 142
4003 63
4004 226
4005 25
4006 37
4007 earn
4008 8
4009 190
4010 48
4011 25
4012 37
4013 48
4014 acq
4015 earn
4016 7
4017 37
4018 acq
4019 acq
4020 232
4021 37
4022 11
4023 66
4024 acq
4025 184
4026 41
4027 9
4028 earn
4029 oil
4030 acq
4031 9
4032 9
4033 acq
4034 66
4035 142
4036 earn
4037 earn
4038 earn
4039 68
4040 earn
4041 37
4042 earn
4043 acq
4044 172
4045 37
4046 111
4047 earn
4048 earn
4049 37
4050 138
4051 acq
4052 acq
4053 37
4054 earn
4055 8
4056 1
4057 earn
4058 earn
4059 66
4060 37
4061 acq
4062 37
4063 142
4064 48
4065 earn
4066 earn
4067 acq
4068 26
4069 acq
4070 9
4071 66
4072 54
4073 1
4074 37
4075 earn
4076 60
4077 129
4078 142
4079 242
4080 earn
4081 acq
4082 113
4083 109
4084 earn
4085 earn
4086 earn
4087 earn
4088 267
4089 152
4090 84
4091 37
4092 earn
4093 142
4094 acq
4095 oil
4096 25
4097 acq
4098 acq
4099 37
4100 acq
4101 acq
4102 232
4103 acq
4104 142
4105 15
4106 37
4107 17
4108 142
4109 acq
4110 earn
4111 earn
4112 acq
4113 earn
4114 138
4115 earn
4116 142
4117 138
4118 17
4119 earn
4120 earn
4121 earn
4122 142
4123 earn
4124 138
4125 15
4126 earn
4127 earn
4128 17
4129 30
4130 25
4131 37
4132 17
4133 earn
4134 earn
4135 17
4136 106
4137 earn
4138 144
4139 3
4140 earn
4141 earn
4142 earn
4143 37
4144 acq
4145 earn
4146 37
4147 acq
4148 138
4149 acq
4150 earn
4151 142
4152 earn
4153 earn
4154 acq
4155 acq
4156 7
4157 37
4158 earn
4159 earn
4160 earn
4161 142
4162 142
4163 acq
4164 acq
4165 118
4166 acq
4167 earn
4168 7
4169 37
4170 earn
4171 37
4172 earn
4173 earn
4174 213
4175 acq
4176 25
4177 acq
4178 37
4179 earn
4180 87
4181 earn
4182 245
4183 earn
4184 earn
4185 acq
4186 37
4187 56
4188 142
4189 142
4190 87
4191 acq
4192 acq
4193 earn
4194 acq
4195 acq
4196 acq
4197 acq
4198 earn
4199 earn
4200 earn
4201 earn
4202 earn
4203 8
4204 acq
4205 142
4206 253
4207 acq
4208 25
4209 8
4210 138
4211 142
4212 crude
4213 142
4214 acq
4215 1
4216 37
4217 37
4218 acq
4219 52
4220 earn
4221 oil
4222 67
4223 142
4224 142
4225 142
4226 earn
4227 25
4228 earn
4229 37
4230 142
4231 earn
4232 acq
4233 128
4234 37
4235 earn
4236 acq
4237 acq
4238 earn
4239 142
4240 97
4241 earn
4242 37
4243 earn
4244 acq
4245 acq
4246 25
4247 16
4248 56
4249 acq
4250 acq
4251 earn
4252 acq
4253 267
4254 acq
4255 acq
4256 48
4257 acq
4258 84
4259 acq
4260 8
4261 37
4262 17
4263 112
4264 278
4265 56
4266 23
4267 48
4268 acq
4269 33
4270 66
4271 48
4272 48
4273 8
4274 8
4275 25
4276 15
4277 acq
4278 59
4279 acq
4280 63
4281 9
4282 154
4283 6
4284 acq
4285 244
4286 8
4287 267
4288 acq
4289 acq
4290 48
4291 acq
4292 8
4293 25
4294 acq
4295 66
4296 88
4297 171
4298 acq
4299 30
4300 acq
4301 66
4302 224
4303 102
4304 acq
4305 8
4306 1
4307 acq
4308 earn
4309 25
4310 earn
4311 acq
4312 168
4313 50
4314 earn
4315 50
4316 63
4317 earn
4318 15
4319 63
4320 acq
4321 earn
4322 earn
4323 earn
4324 142
4325 166
4326 acq
4327 earn
4328 earn
4329 earn
4330 earn
4331 earn
4332 17
4333 acq
4334 acq
4335 acq
4336 142
4337 63
4338 acq
4339 37
4340 acq
4341 earn
4342 37
4343 25
4344 acq
4345 7
4346 17
4347 142
4348 25
4349 acq
4350 earn
4351 earn
4352 earn
4353 41
4354 25
4355 acq
4356 acq
4357 earn
4358 acq
4359 113
4360 3
4361 earn
4362 66
4363 acq
4364 earn
4365 earn
4366 earn
4367 51
4368 acq
4369 acq
4370 earn
4371 earn
4372 3
4373 earn
4374 earn
4375 earn
4376 acq
4377 92
4378 6
4379 281
4380 acq
4381 acq
4382 142
4383 110
4384 earn
4385 earn
4386 earn
4387 142
4388 earn
4389 earn
4390 earn
4391 37
4392 earn
4393 acq
4394 oil
4395 acq
4396 68
4397 8
4398 acq
4399 acq
4400 213
4401 205
4402 acq
4403 earn
4404 37
4405 earn
4406 acq
4407 20
4408 earn
4409 acq
4410 66
4411 earn
4412 50
4413 66
4414 acq
4415 acq
4416 earn
4417 acq
4418 acq
4419 earn
4420 acq
4421 earn
4422 earn
4423 138
4424 earn
4425 acq
4426 37
4427 earn
4428 23
4429 138
4430 8
4431 earn
4432 acq
4433 crude
4434 7
4435 earn
4436 earn
4437 earn
4438 acq
4439 236
4440 earn
4441 earn
4442 earn
4443 earn
4444 142
4445 142
4446 1
4447 82
4448 23
4449 earn
4450 94
4451 23
4452 earn
4453 earn
4454 earn
4455 156
4456 crude
4457 156
4458 earn
4459 acq
4460 earn
4461 crude
4462 earn
4463 earn
4464 earn
4465 acq
4466 88
4467 earn
4468 acq
4469 8
4470 37
4471 226
4472 142
4473 crude
4474 earn
4475 93
4476 earn
4477 37
4478 37
4479 37
4480 17
4481 37
4482 138
4483 acq
4484 1
4485 earn
4486 earn
4487 earn
4488 earn
4489 earn
4490 142
4491 earn
4492 earn
4493 earn
4494 earn
4495 acq
4496 earn
4497 142
4498 earn
4499 earn
4500 23
4501 41
4502 earn
4503 earn
4504 earn
4505 142
4506 acq
4507 acq
4508 30
4509 earn
4510 142
4511 acq
4512 earn
4513 138
4514 earn
4515 earn
4516 273
4517 142
4518 earn
4519 earn
4520 earn
4521 120
4522 142
4523 earn
4524 earn
4525 earn
4526 earn
4527 138
4528 earn
4529 acq
4530 55
4531 earn
4532 142
4533 earn
4534 acq
4535 61
4536 59
4537 25
4538 1
4539 59
4540 66
4541 61
4542 crude
4543 59
4544 13
4545 66
4546 37
4547 61
4548 59
4549 59
4550 32
4551 44
4552 225
4553 72
4554 72
4555 130
4556 13
4557 acq
4558 9
4559 32
4560 132
4561 37
4562 32
4563 8
4564 acq
4565 178
4566 82
4567 acq
4568 acq
4569 106
4570 7
4571 1
4572 68
4573 7
4574 48
4575 48
4576 138
4577 earn
4578 acq
4579 56
4580 8
4581 25
4582 32
4583 8
4584 37
4585 37
4586 18
4587 171
4588 earn
4589 37
4590 3
4591 acq
4592 1
4593 137
4594 109
4595 earn
4596 225
4597 54
4598 66
4599 earn
4600 earn
4601 earn
4602 142
4603 earn
4604 3
4605 142
4606 37
4607 1
4608 37
4609 earn
4610 37
4611 1
4612 142
4613 earn
4614 earn
4615 acq
4616 138
4617 37
4618 13
4619 89
4620 earn
4621 252
4622 acq
4623 earn
4624 11
4625 7
4626 8
4627 earn
4628 earn
4629 acq
4630 acq
4631 90
4632 earn
4633 earn
4634 acq
4635 37
4636 earn
4637 earn
4638 142
4639 9
4640 142
4641 67
4642 142
4643 8
4644 earn
4645 37
4646 earn
4647 earn
4648 earn
4649 32
4650 acq
4651 142
4652 earn
4653 138
4654 earn
4655 earn
4656 235
4657 30
4658 37
4659 earn
4660 43
4661 177
4662 88
4663 37
4664 earn
4665 earn
4666 earn
4667 214
4668 8
4669 37
4670 68
4671 acq
4672 142
4673 142
4674 earn
4675 142
4676 236
4677 138
4678 23
4679 37
4680 9
4681 3
4682 earn
4683 138
4684 earn
4685 earn
4686 earn
4687 7
4688 37
4689 23
4690 earn
4691 earn
4692 66
4693 acq
4694 58
4695 earn
4696 3
4697 acq
4698 acq
4699 acq
4700 earn
4701 8
4702 37
4703 41
4704 142
4705 acq
4706 7
4707 138
4708 138
4709 acq
4710 34
4711 earn
4712 earn
4713 142
4714 163
4715 earn
4716 124
4717 acq
4718 66
4719 105
4720 26
4721 94
4722 138
4723 1
4724 227
4725 earn
4726 earn
4727 earn
4728 earn
4729 142
4730 37
4731 124
4732 7
4733 earn
4734 earn
4735 earn
4736 acq
4737 142
4738 142
4739 142
4740 142
4741 138
4742 1
4743 acq
4744 acq
4745 earn
4746 acq
4747 37
4748 earn
4749 acq
4750 142
4751 32
4752 1
4753 142
4754 acq
4755 earn
4756 acq
4757 226
4758 68
4759 25
4760 25
4761 37
4762 37
4763 acq
4764 37
4765 earn
4766 142
4767 30
4768 37
4769 142
4770 138
4771 37
4772 earn
4773 142
4774 37
4775 142
4776 earn
4777 23
4778 earn
4779 37
4780 37
4781 41
4782 acq
4783 earn
4784 142
4785 37
4786 138
4787 13
4788 earn
4789 acq
4790 54
4791 1
4792 earn
4793 142
4794 142
4795 142
4796 142
4797 37
4798 earn
4799 earn
4800 37
4801 earn
4802 earn
4803 34
4804 acq
4805 acq
4806 earn
4807 68
4808 142
4809 37
4810 172
4811 earn
4812 30
4813 earn
4814 142
4815 142
4816 8
4817 4
4818 30
4819 earn
4820 acq
4821 133
4822 earn
4823 earn
4824 acq
4825 37
4826 acq
4827 acq
4828 acq
4829 acq
4830 142
4831 142
4832 104
4833 earn
4834 3
4835 acq
4836 earn
4837 80
4838 earn
4839 acq
4840 1
4841 15
4842 earn
4843 acq
4844 55
4845 earn
4846 138
4847 acq
4848 acq
4849 acq
4850 earn
4851 earn
4852 earn
4853 142
4854 138
4855 37
4856 138
4857 earn
4858 41
4859 1
4860 138
4861 17
4862 acq
4863 acq
4864 142
4865 138
4866 8
4867 earn
4868 142
4869 acq
4870 acq
4871 37
4872 acq
4873 249
4874 138
4875 142
4876 37
4877 acq
4878 142
4879 7
4880 94
4881 1
4882 142
4883 142
4884 acq
4885 66
4886 25
4887 171
4888 1
4889 37
4890 142
4891 acq
4892 142
4893 171
4894 8
4895 8
4896 41
4897 48
4898 8
4899 32
4900 142
4901 acq
4902 acq
4903 acq
4904 acq
4905 242
4906 37
4907 acq
4908 acq
4909 acq
4910 8
4911 136
4912 92
4913 acq
4914 136
4915 acq
4916 acq
4917 earn
4918 63
4919 acq
4920 150
4921 112
4922 61
4923 earn
4924 244
4925 19
4926 66
4927 252
4928 59
4929 142
4930 61
4931 37
4932 59
4933 226
4934 48
4935 48
4936 48
4937 59
4938 267
4939 142
4940 102
4941 25
4942 acq
4943 acq
4944 acq
4945 acq
4946 142
4947 63
4948 242
4949 32
4950 63
4951 acq
4952 acq
4953 acq
4954 198
4955 66
4956 227
4957 152
4958 32
4959 acq
4960 acq
4961 acq
4962 earn
4963 acq
4964 3
4965 180
4966 acq
4967 acq
4968 138
4969 earn
4970 138
4971 138
4972 acq
4973 37
4974 94
4975 acq
4976 142
4977 35
4978 7
4979 earn
4980 37
4981 earn
4982 37
4983 142
4984 142
4985 earn
4986 earn
4987 63
4988 earn
4989 222
4990 201
4991 66
4992 249
4993 37
4994 earn
4995 acq
4996 earn
4997 23
4998 48
4999 acq
5000 142
5001 63
5002 37
5003 69
5004 3
5005 37
5006 acq
5007 acq
5008 acq
5009 earn
5010 earn
5011 48
5012 171
5013 acq
5014 earn
5015 3
5016 7
5017 1
5018 earn
5019 acq
5020 acq
5021 142
5022 earn
5023 66
5024 acq
5025 earn
5026 1
5027 138
5028 8
5029 142
5030 142
5031 acq
5032 earn
5033 24
5034 37
5035 earn
5036 138
5037 43
5038 17
5039 142
5040 acq
5041 acq
5042 25
5043 earn
5044 138
5045 267
5046 138
5047 earn
5048 earn
5049 earn
5050 earn
5051 130
5052 30
5053 111
5054 78
5055 138
5056 earn
5057 37
5058 138
5059 acq
5060 142
5061 acq
5062 33
5063 8
5064 acq
5065 earn
5066 earn
5067 acq
5068 142
5069 acq
5070 32
5071 earn
5072 138
5073 acq
5074 acq
5075 142
5076 acq
5077 3
5078 9
5079 55
5080 earn
5081 37
5082 earn
5083 142
5084 142
5085 earn
5086 142
5087 earn
5088 142
5089 142
5090 142
5091 earn
5092 142
5093 8
5094 214
5095 142
5096 earn
5097 7
5098 acq
5099 252
5100 earn
5101 66
5102 224
5103 134
5104 134
5105 30
5106 138
5107 68
5108 acq
5109 acq
5110 142
5111 10
5112 37
5113 43
5114 58
5115 acq
5116 earn
5117 earn
5118 37
5119 acq
5120 earn
5121 3
5122 earn
5123 acq
5124 acq
5125 acq
5126 142
5127 138
5128 acq
5129 acq
5130 acq
5131 acq
5132 66
5133 196
5134 138
5135 earn
5136 32
5137 acq
5138 138
5139 1
5140 109
5141 acq
5142 37
5143 37
5144 138
5145 142
5146 26
5147 earn
5148 earn
5149 1
5150 20
5151 earn
5152 earn
5153 earn
5154 7
5155 acq
5156 8
5157 acq
5158 earn
5159 142
5160 111
5161 111
5162 51
5163 37
5164 111
5165 111
5166 37
5167 153
5168 126
5169 37
5170 earn
5171 40
5172 acq
5173 earn
5174 earn
5175 earn
5176 37
5177 37
5178 earn
5179 120
5180 earn
5181 acq
5182 172
5183 acq
5184 earn
5185 earn
5186 earn
5187 acq
5188 earn
5189 earn
5190 earn
5191 acq
5192 acq
5193 earn
5194 142
5195 acq
5196 earn
5197 25
5198 1
5199 acq
5200 acq
5201 earn
5202 acq
5203 142
5204 142
5205 acq
5206 earn
5207 acq
5208 earn
5209 crude
5210 acq
5211 142
5212 7
5213 6
5214 109
5215 acq
5216 earn
5217 176
5218 11
5219 11
5220 37
5221 earn
5222 142
5223 142
5224 142
5225 142
5226 25
5227 254
5228 23
5229 acq
5230 171
5231 6
5232 1
5233 7
5234 59
5235 59
5236 acq
5237 20
5238 150
5239 150
5240 8
5241 56
5242 earn
5243 72
5244 66
5245 13
5246 8
5247 26
5248 32
5249 183
5250 135
5251 19
5252 earn
5253 48
5254 48
5255 8
5256 acq
5257 acq
5258 48
5259 acq
5260 171
5261 32
5262 acq
5263 111
5264 15
5265 226
5266 40
5267 30
5268 1
5269 acq
5270 32
5271 23
5272 acq
5273 acq
5274 earn
5275 earn
5276 142
5277 acq
5278 25
5279 1
5280 17
5281 138
5282 25
5283 earn
5284 acq
5285 138
5286 87
5287 72
5288 acq
5289 acq
5290 5
5291 125
5292 43
5293 37
5294 37
5295 acq
5296 142
5297 1
5298 126
5299 acq
5300 138
5301 17
5302 121
5303 37
5304 acq
5305 earn
5306 acq
5307 acq
5308 1
5309 142
5310 142
5311 37
5312 9
5313 acq
5314 138
5315 acq
5316 138
5317 138
5318 40
5319 111
5320 142
5321 40
5322 138
5323 142
5324 66
5325 acq
5326 37
5327 earn
5328 138
5329 earn
5330 earn
5331 acq
5332 earn
5333 earn
5334 142
5335 1
5336 earn
5337 earn
5338 37
5339 acq
5340 136
5341 earn
5342 earn
5343 3
5344 226
5345 142
5346 acq
5347 acq
5348 earn
5349 earn
5350 136
5351 142
5352 142
5353 earn
5354 37
5355 25
5356 142
5357 acq
5358 142
5359 25
5360 269
5361 earn
5362 142
5363 earn
5364 142
5365 180
5366 103
5367 acq
5368 earn
5369 acq
5370 5
5371 1
5372 264
5373 111
5374 earn
5375 25
5376 3
5377 111
5378 20
5379 earn
5380 acq
5381 acq
5382 121
5383 acq
5384 acq
5385 33
5386 223
5387 acq
5388 3
5389 17
5390 acq
5391 84
5392 earn
5393 61
5394 earn
5395 earn
5396 173
5397 142
5398 earn
5399 142
5400 earn
5401 173
5402 142
5403 earn
5404 earn
5405 142
5406 acq
5407 37
5408 142
5409 142
5410 acq
5411 3
5412 5
5413 211
5414 142
5415 4
5416 138
5417 acq
5418 138
5419 acq
5420 9
5421 30
5422 37
5423 37
5424 7
5425 acq
5426 37
5427 37
5428 171
5429 3
5430 37
5431 earn
5432 160
5433 earn
5434 earn
5435 earn
5436 7
5437 138
5438 37
5439 142
5440 acq
5441 acq
5442 17
5443 131
5444 37
5445 37
5446 37
5447 25
5448 152
5449 acq
5450 142
5451 earn
5452 37
5453 192
5454 192
5455 earn
5456 268
5457 acq
5458 85
5459 121
5460 acq
5461 66
5462 37
5463 55
5464 142
5465 earn
5466 138
5467 126
5468 earn
5469 earn
5470 138
5471 142
5472 138
5473 41
5474 41
5475 acq
5476 acq
5477 32
5478 acq
5479 acq
5480 64
5481 acq
5482 earn
5483 111
5484 43
5485 138
5486 138
5487 acq
5488 138
5489 51
5490 acq
5491 acq
5492 17
5493 earn
5494 142
5495 226
5496 acq
5497 acq
5498 earn
5499 acq
5500 51
5501 85
5502 37
5503 earn
5504 95
5505 earn
5506 138
5507 11
5508 acq
5509 136
5510 138
5511 219
5512 142
5513 earn
5514 acq
5515 22
5516 37
5517 acq
5518 226
5519 earn
5520 earn
5521 142
5522 25
5523 earn
5524 115
5525 earn
5526 115
5527 32
5528 25
5529 37
5530 earn
5531 earn
5532 37
5533 37
5534 66
5535 earn
5536 7
5537 acq
5538 117
5539 161
5540 66
5541 20
5542 25
5543 1
5544 25
5545 119
5546 236
5547 68
5548 1
5549 119
5550 20
5551 66
5552 51
5553 25
5554 13
5555 7
5556 25
5557 94
5558 6
5559 138
5560 8
5561 15
5562 1
5563 crude
5564 8
5565 61
5566 38
5567 59
5568 38
5569 1
5570 crude
5571 crude
5572 66
5573 acq
5574 25
5575 10
5576 25
5577 59
5578 85
5579 68
5580 37
5581 37
5582 186
5583 226
5584 138
5585 15
5586 252
5587 32
5588 acq
5589 earn
5590 48
5591 13
5592 25
5593 acq
5594 80
5595 28
5596 25
5597 33
5598 earn
5599 acq
5600 acq
5601 acq
5602 7
5603 acq
5604 acq
5605 acq
5606 128
5607 acq
5608 78
5609 earn
5610 acq
5611 138
5612 1
5613 3
5614 acq
5615 acq
5616 earn
5617 138
5618 earn
5619 20
5620 earn
5621 25
5622 25
5623 3
5624 28
5625 25
5626 103
5627 earn
5628 acq
5629 37
5630 acq
5631 earn
5632 30
5633 142
5634 earn
5635 earn
5636 138
5637 182
5638 142
5639 earn
5640 30
5641 earn
5642 earn
5643 earn
5644 acq
5645 earn
5646 earn
5647 earn
5648 acq
5649 138
5650 238
5651 earn
5652 246
5653 109
5654 43
5655 39
5656 37
5657 earn
5658 37
5659 earn
5660 earn
5661 138
5662 138
5663 228
5664 acq
5665 17
5666 37
5667 earn
5668 earn
5669 earn
5670 earn
5671 172
5672 earn
5673 15
5674 111
5675 51
5676 8
5677 37
5678 99
5679 earn
5680 acq
5681 acq
5682 acq
5683 32
5684 acq
5685 acq
5686 acq
5687 earn
5688 earn
5689 acq
5690 124
5691 earn
5692 acq
5693 acq
5694 25
5695 142
5696 243
5697 earn
5698 acq
5699 earn
5700 earn
5701 32
5702 earn
5703 acq
5704 248
5705 263
5706 73
5707 acq
5708 earn
5709 earn
5710 7
5711 7
5712 7
5713 acq
5714 earn
5715 earn
5716 142
5717 171
5718 26
5719 277
5720 37
5721 acq
5722 174
5723 37
5724 acq
5725 acq
5726 1
5727 earn
5728 earn
5729 37
5730 acq
5731 15
5732 138
5733 earn
5734 earn
5735 earn
5736 acq
5737 acq
5738 9
5739 23
5740 138
5741 earn
5742 37
5743 earn
5744 earn
5745 earn
5746 37
5747 acq
5748 142
5749 142
5750 73
5751 acq
5752 acq
5753 142
5754 acq
5755 142
5756 142
5757 1
5758 acq
5759 acq
5760 37
5761 acq
5762 138
5763 acq
5764 1
5765 37
5766 earn
5767 earn
5768 37
5769 earn
5770 1
5771 earn
5772 78
5773 58
5774 227
5775 83
5776 37
5777 129
5778 acq
5779 138
5780 214
5781 83
5782 acq
5783 169
5784 142
5785 142
5786 40
5787 earn
5788 138
5789 66
5790 earn
5791 acq
5792 1
5793 171
5794 acq
5795 acq
5796 earn
5797 33
5798 earn
5799 earn
5800 earn
5801 earn
5802 11
5803 44
5804 52
5805 126
5806 earn
5807 25
5808 37
5809 crude
5810 25
5811 142
5812 25
5813 221
5814 44
5815 66
5816 126
5817 25
5818 61
5819 earn
5820 crude
5821 59
5822 61
5823 8
5824 59
5825 acq
5826 earn
5827 38
5828 acq
5829 59
5830 crude
5831 acq
5832 66
5833 63
5834 37
5835 25
5836 13
5837 25
5838 221
5839 126
5840 61
5841 59
5842 138
5843 8
5844 oil
5845 126
5846 142
5847 11
5848 25
5849 25
5850 61
5851 66
5852 25
5853 59
5854 acq
5855 126
5856 crude
5857 10
5858 126
5859 25
5860 66
5861 63
5862 37
5863 15
5864 8
5865 acq
5866 acq
5867 164
5868 6
5869 32
5870 acq
5871 acq
5872 15
5873 6
5874 15
5875 142
5876 acq
5877 102
5878 59
5879 acq
5880 275
5881 acq
5882 37
5883 earn
5884 58
5885 126
5886 acq
5887 245
5888 37
5889 acq
5890 138
5891 142
5892 25
5893 acq
5894 63
5895 crude
5896 acq
5897 earn
5898 138
5899 138
5900 acq
5901 142
5902 earn
5903 earn
5904 earn
5905 earn
5906 earn
5907 66
5908 acq
5909 66
5910 earn
5911 50
5912 32
5913 17
5914 91
5915 63
5916 37
5917 23
5918 earn
5919 138
5920 1
5921 9
5922 acq
5923 acq
5924 acq
5925 138
5926 142
5927 142
5928 61
5929 138
5930 earn
5931 earn
5932 66
5933 138
5934 37
5935 acq
5936 51
5937 32
5938 142
5939 earn
5940 earn
5941 acq
5942 16
5943 acq
5944 earn
5945 acq
5946 59
5947 acq
5948 14
5949 acq
5950 78
5951 172
5952 134
5953 138
5954 acq
5955 0
5956 acq
5957 32
5958 105
5959 earn
5960 earn
5961 61
5962 earn
5963 37
5964 37
5965 earn
5966 37
5967 earn
5968 59
5969 172
5970 earn
5971 acq
5972 66
5973 earn
5974 earn
5975 earn
5976 oil
5977 142
5978 earn
5979 142
5980 acq
5981 15
5982 9
5983 32
5984 142
5985 acq
5986 82
5987 142
5988 68
5989 earn
5990 acq
5991 149
5992 acq
5993 earn
5994 142
5995 142
5996 acq
5997 7
5998 earn
5999 25
6000 55
6001 66
6002 1
6003 acq
6004 earn
6005 acq
6006 17
6007 acq
6008 51
6009 earn
6010 8
6011 7
6012 acq
6013 earn
6014 142
6015 earn
6016 acq
6017 earn
6018 earn
6019 acq
6020 earn
6021 acq
6022 224
6023 earn
6024 earn
6025 25
6026 52
6027 61
6028 earn
6029 acq
6030 59
6031 67
6032 138
6033 earn
6034 acq
6035 earn
6036 acq
6037 earn
6038 138
6039 258
6040 earn
6041 258
6042 202
6043 51
6044 172
6045 25
6046 30
6047 acq
6048 acq
6049 earn
6050 66
6051 138
6052 172
6053 37
6054 acq
6055 earn
6056 acq
6057 138
6058 46
6059 142
6060 30
6061 acq
6062 67
6063 earn
6064 25
6065 138
6066 142
6067 acq
6068 acq
6069 45
6070 earn
6071 240
6072 149
6073 41
6074 37
6075 279
6076 142
6077 acq
6078 25
6079 8
6080 acq
6081 acq
6082 acq
6083 acq
6084 earn
6085 earn
6086 37
6087 77
6088 earn
6089 acq
6090 earn
6091 17
6092 acq
6093 22
6094 66
6095 earn
6096 earn
6097 earn
6098 142
6099 142
6100 8
6101 59
6102 52
6103 52
6104 acq
6105 126
6106 acq
6107 44
6108 37
6109 37
6110 8
6111 206
6112 165
6113 5
6114 170
6115 1
6116 59
6117 61
6118 59
6119 59
6120 25
6121 acq
6122 66
6123 acq
6124 56
6125 37
6126 59
6127 acq
6128 45
6129 8
6130 37
6131 15
6132 59
6133 59
6134 170
6135 37
6136 15
6137 8
6138 244
6139 111
6140 59
6141 19
6142 37
6143 66
6144 42
6145 36
6146 37
6147 252
6148 crude
6149 acq
6150 63
6151 63
6152 37
6153 126
6154 226
6155 59
6156 acq
6157 earn
6158 acq
6159 233
6160 earn
6161 earn
6162 earn
6163 acq
6164 acq
6165 142
6166 acq
6167 137
6168 acq
6169 25
6170 earn
6171 acq
6172 crude
6173 142
6174 acq
6175 acq
6176 earn
6177 earn
6178 180
6179 acq
6180 142
6181 earn
6182 138
6183 earn
6184 142
6185 142
6186 earn
6187 earn
6188 acq
6189 earn
6190 50
6191 37
6192 37
6193 138
6194 acq
6195 earn
6196 acq
6197 acq
6198 41
6199 crude
6200 acq
6201 acq
6202 63
6203 earn
6204 acq
6205 earn
6206 acq
6207 89
6208 252
6209 142
6210 100
6211 earn
6212 earn
6213 142
6214 171
6215 25
6216 earn
6217 32
6218 acq
6219 172
6220 37
6221 37
6222 acq
6223 earn
6224 earn
6225 142
6226 66
6227 37
6228 acq
6229 earn
6230 acq
6231 acq
6232 earn
6233 6
6234 252
6235 37
6236 142
6237 262
6238 18
6239 acq
6240 earn
6241 214
6242 earn
6243 142
6244 33
6245 138
6246 earn
6247 37
6248 109
6249 earn
6250 acq
6251 37
6252 138
6253 142
6254 138
6255 earn
6256 37
6257 acq
6258 8
6259 260
6260 109
6261 earn
6262 111
6263 acq
6264 37
6265 earn
6266 37
6267 40
6268 acq
6269 107
6270 138
6271 138
6272 25
6273 9
6274 142
6275 32
6276 earn
6277 144
6278 earn
6279 earn
6280 earn
6281 acq
6282 acq
6283 acq
6284 acq
6285 acq
6286 37
6287 138
6288 earn
6289 acq
6290 earn
6291 crude
6292 acq
6293 7
6294 37
6295 acq
6296 61
6297 37
6298 87
6299 acq
6300 28
6301 earn
6302 142
6303 earn
6304 171
6305 acq
6306 earn
6307 acq
6308 37
6309 37
6310 61
6311 226
6312 246
6313 30
6314 137
6315 111
6316 earn
6317 142
6318 37
6319 54
6320 30
6321 3
6322 131
6323 earn
6324 crude
6325 earn
6326 acq
6327 crude
6328 142
6329 142
6330 25
6331 52
6332 126
6333 acq
6334 acq
6335 37
6336 acq
6337 142
6338 37
6339 66
6340 41
6341 142
6342 25
6343 earn
6344 acq
6345 earn
6346 7
6347 acq
6348 acq
6349 earn
6350 earn
6351 195
6352 earn
6353 30
6354 earn
6355 104
6356 earn
6357 142
6358 142
6359 226
6360 142
6361 1
6362 142
6363 142
6364 37
6365 270
6366 3
6367 138
6368 acq
6369 37
6370 4
6371 39
6372 128
6373 earn
6374 earn
6375 133
6376 acq
6377 earn
6378 earn
6379 142
6380 142
6381 acq
6382 37
6383 30
6384 earn
6385 213
6386 25
6387 acq
6388 277
6389 256
6390 1
6391 26
6392 37
6393 acq
6394 26
6395 earn
6396 earn
6397 7
6398 25
6399 42
6400 acq
6401 142
6402 crude
6403 63
6404 acq
6405 earn
6406 earn
6407 7
6408 71
6409 earn
6410 246
6411 126
6412 171
6413 39
6414 52
6415 acq
6416 25
6417 37
6418 9
6419 37
6420 15
6421 48
6422 126
6423 61
6424 44
6425 9
6426 225
6427 1
6428 37
6429 72
6430 37
6431 220
6432 130
6433 acq
6434 59
6435 1
6436 9
6437 63
6438 252
6439 267
6440 267
6441 13
6442 165
6443 25
6444 earn
6445 37
6446 37
6447 15
6448 66
6449 267
6450 8
6451 66
6452 37
6453 228
6454 15
6455 acq
6456 acq
6457 63
6458 150
6459 33
6460 25
6461 126
6462 66
6463 earn
6464 37
6465 48
6466 earn
6467 acq
6468 3
6469 earn
6470 acq
6471 acq
6472 3
6473 earn
6474 32
6475 33
6476 122
6477 44
6478 earn
6479 142
6480 acq
6481 37
6482 acq
6483 35
6484 3
6485 earn
6486 acq
6487 13
6488 acq
6489 15
6490 46
6491 1
6492 276
6493 276
6494 66
6495 44
6496 138
6497 earn
6498 earn
6499 37
6500 66
6501 acq
6502 142
6503 37
6504 1
6505 37
6506 142
6507 142
6508 63
6509 37
6510 acq
6511 11
6512 acq
6513 earn
6514 earn
6515 226
6516 142
6517 142
6518 8
6519 138
6520 33
6521 218
6522 71
6523 37
6524 34
6525 184
6526 37
6527 68
6528 acq
6529 acq
6530 126
6531 acq
6532 acq
6533 37
6534 acq
6535 acq
6536 earn
6537 oil
6538 52
6539 142
6540 earn
6541 3
6542 37
6543 109
6544 4
6545 51
6546 138
6547 37
6548 7
6549 50
6550 4
6551 37
6552 138
6553 earn
6554 earn
6555 earn
6556 earn
6557 37
6558 earn
6559 acq
6560 111
6561 earn
6562 81
6563 66
6564 25
6565 acq
6566 1
6567 earn
6568 37
6569 oil
6570 acq
6571 earn
6572 51
6573 142
6574 142
6575 earn
6576 47
