0 23
1 41
2 78
3 46
4 23
5 66
6 71
7 38
8 27
9 133
10 31
11 22
12 7
13 65
14 65
15 66
16 23
17 46
18 34
19 34
20 38
21 167
22 38
23 113
24 23
25 9
26 7
27 38
28 23
29 71
30 38
31 110
32 34
33 65
34 7
35 22
36 9
37 22
38 86
39 22
40 149
41 9
42 23
43 8
44 78
45 8
46 66
47 8
48 8
49 8
50 8
51 22
52 8
53 8
54 8
55 8
56 71
57 22
58 9
59 8
60 146
61 8
62 22
63 8
64 34
65 23
66 34
67 22
68 8
69 86
70 8
71 9
72 8
73 9
74 9
75 8
76 30
77 86
78 74
79 8
80 34
81 38
82 8
83 9
84 8
85 8
86 8
87 47
88 9
89 86
90 9
91 63
92 71
93 45
94 17
95 70
96 9
97 8
98 9
99 8
100 19
101 9
102 8
103 8
104 8
105 111
106 8
107 8
108 86
109 86
110 8
111 86
112 8
113 38
114 105
115 22
116 8
117 66
118 70
119 22
120 8
121 22
122 8
123 114
124 9
125 112
126 86
127 9
128 47
129 22
130 9
131 98
132 8
133 9
134 8
135 8
136 9
137 8
138 8
139 8
140 139
141 38
142 8
143 8
144 23
145 9
146 86
147 19
148 22
149 23
150 8
151 8
152 16
153 8
154 8
155 8
156 8
157 8
158 86
159 23
160 86
161 10
162 2
163 9
164 8
165 23
166 8
167 86
168 9
169 86
170 38
171 9
172 66
173 40
174 8
175 154
176 23
177 22
178 22
179 52
180 86
181 17
182 117
183 38
184 22
185 72
186 8
187 15
188 23
189 8
190 22
191 17
192 38
193 86
194 8
195 22
196 74
197 8
198 22
199 22
200 9
201 47
202 47
203 9
204 86
205 22
206 38
207 8
208 9
209 86
210 86
211 28
212 25
213 9
214 8
215 38
216 19
217 39
218 9
219 54
220 22
221 8
222 8
223 22
224 38
225 8
226 8
227 35
228 22
229 8
230 9
231 22
232 8
233 38
234 23
235 8
236 8
237 35
238 8
239 38
240 71
241 9
242 35
243 161
244 27
245 161
246 23
247 71
248 27
249 22
250 27
251 34
252 22
253 65
254 17
255 9
256 65
257 25
258 70
259 73
260 38
261 34
262 7
263 38
264 38
265 66
266 38
267 27
268 48
269 65
270 71
271 17
272 22
273 45
274 34
275 23
276 70
277 23
278 22
279 23
280 23
281 17
282 86
283 8
284 74
285 9
286 9
287 38
288 62
289 8
290 8
291 22
292 9
293 62
294 8
295 17
296 14
297 42
298 30
299 8
300 16
301 8
302 8
303 9
304 17
305 107
306 29
307 22
308 8
309 8
310 29
311 70
312 136
313 8
314 169
315 109
316 113
317 109
318 9
319 38
320 8
321 70
322 23
323 47
324 23
325 8
326 8
327 97
328 9
329 17
330 63
331 9
332 8
333 88
334 9
335 8
336 9
337 71
338 9
339 97
340 97
341 135
342 38
343 115
344 1
345 9
346 8
347 9
348 47
349 8
350 9
351 9
352 47
353 22
354 9
355 8
356 22
357 148
358 9
359 63
360 97
361 8
362 9
363 23
364 66
365 17
366 9
367 112
368 8
369 9
370 86
371 163
372 26
373 86
374 38
375 8
376 22
377 50
378 154
379 66
380 47
381 18
382 9
383 55
384 8
385 8
386 8
387 9
388 38
389 50
390 8
391 8
392 9
393 86
394 22
395 8
396 17
397 8
398 9
399 86
400 38
401 8
402 86
403 86
404 86
405 9
406 8
407 9
408 8
409 8
410 8
411 8
412 8
413 9
414 9
415 6
416 154
417 8
418 8
419 86
420 22
421 63
422 71
423 8
424 8
425 8
426 9
427 86
428 8
429 9
430 8
431 71
432 8
433 8
434 22
435 46
436 55
437 12
438 8
439 9
440 38
441 46
442 70
443 66
444 8
445 8
446 8
447 8
448 63
449 63
450 8
451 8
452 8
453 36
454 23
455 22
456 37
457 37
458 37
459 37
460 8
461 8
462 37
463 37
464 37
465 37
466 9
467 98
468 36
469 37
470 47
471 9
472 8
473 9
474 8
475 8
476 8
477 9
478 9
479 8
480 86
481 9
482 8
483 9
484 86
485 86
486 8
487 8
488 9
489 22
490 147
491 9
492 9
493 63
494 147
495 37
496 86
497 74
498 86
499 86
500 8
501 7
502 8
503 25
504 42
505 42
506 25
507 47
508 101
509 9
510 9
511 54
512 22
513 9
514 8
515 9
516 162
517 48
518 48
519 48
520 22
521 8
522 8
523 8
524 8
525 42
526 74
527 42
528 9
529 9
530 29
531 9
532 30
533 86
534 125
535 1
536 18
537 8
538 8
539 8
540 9
541 8
542 38
543 9
544 9
545 8
546 64
547 9
548 19
549 8
550 71
551 8
552 71
553 42
554 23
555 78
556 7
557 22
558 23
559 29
560 156
561 23
562 23
563 70
564 23
565 31
566 71
567 23
568 40
569 63
570 38
571 40
572 9
573 38
574 70
575 41
576 46
577 71
578 71
579 38
580 29
581 71
582 9
583 23
584 22
585 27
586 71
587 70
588 9
589 36
590 31
591 62
592 16
593 9
594 9
595 38
596 38
597 71
598 33
599 38
600 23
601 161
602 9
603 27
604 38
605 70
606 112
607 34
608 29
609 104
610 71
611 23
612 71
613 23
614 23
615 8
616 9
617 8
618 27
619 9
620 9
621 140
622 70
623 18
624 38
625 38
626 8
627 8
628 24
629 35
630 8
631 8
632 9
633 9
634 8
635 88
636 38
637 23
638 5
639 8
640 8
641 9
642 29
643 22
644 23
645 23
646 9
647 8
648 9
649 8
650 38
651 8
652 8
653 71
654 97
655 8
656 9
657 38
658 35
659 20
660 71
661 8
662 8
663 29
664 41
665 38
666 47
667 63
668 8
669 8
670 8
671 12
672 8
673 47
674 45
675 28
676 8
677 16
678 9
679 71
680 8
681 22
682 63
683 8
684 25
685 8
686 7
687 8
688 8
689 34
690 70
691 38
692 22
693 8
694 22
695 8
696 22
697 8
698 126
699 8
700 8
701 38
702 23
703 50
704 8
705 8
706 8
707 22
708 22
709 9
710 8
711 8
712 8
713 8
714 8
715 8
716 8
717 8
718 8
719 86
720 86
721 86
722 47
723 9
724 47
725 38
726 22
727 8
728 86
729 9
730 9
731 8
732 28
733 16
734 9
735 8
736 71
737 8
738 8
739 9
740 9
741 8
742 8
743 8
744 8
745 9
746 8
747 9
748 38
749 8
750 22
751 86
752 8
753 8
754 10
755 9
756 9
757 8
758 9
759 9
760 8
761 9
762 8
763 9
764 9
765 8
766 9
767 9
768 86
769 86
770 86
771 86
772 86
773 86
774 38
775 8
776 8
777 128
778 8
779 22
780 8
781 8
782 76
783 8
784 8
785 14
786 22
787 22
788 59
789 22
790 10
791 9
792 0
793 38
794 86
795 9
796 8
797 9
798 22
799 8
800 9
801 8
802 8
803 8
804 8
805 8
806 47
807 8
808 8
809 9
810 8
811 9
812 47
813 8
814 9
815 22
816 38
817 4
818 9
819 8
820 8
821 8
822 38
823 38
824 8
825 9
826 8
827 22
828 8
829 8
830 22
831 8
832 38
833 8
834 7
835 8
836 8
837 9
838 8
839 8
840 9
841 9
842 8
843 8
844 45
845 84
846 8
847 23
848 8
849 8
850 38
851 47
852 8
853 8
854 22
855 53
856 38
857 9
858 7
859 42
860 92
861 9
862 86
863 8
864 8
865 38
866 7
867 8
868 9
869 8
870 8
871 50
872 8
873 8
874 8
875 9
876 9
877 9
878 86
879 86
880 38
881 70
882 9
883 9
884 8
885 14
886 9
887 8
888 9
889 8
890 9
891 9
892 8
893 9
894 22
895 9
896 8
897 86
898 9
899 8
900 38
901 8
902 86
903 38
904 0
905 8
906 9
907 7
908 71
909 17
910 20
911 38
912 156
913 46
914 60
915 71
916 23
917 9
918 158
919 71
920 39
921 71
922 23
923 46
924 23
925 71
926 71
927 23
928 36
929 47
930 23
931 86
932 9
933 8
934 8
935 8
936 8
937 8
938 8
939 8
940 8
941 8
942 8
943 8
944 8
945 8
946 9
947 8
948 8
949 8
950 8
951 8
952 8
953 8
954 8
955 22
956 8
957 22
958 38
959 86
960 86
961 86
962 86
963 86
964 86
965 71
966 8
967 8
968 38
969 39
970 11
971 71
972 23
973 86
974 8
975 46
976 10
977 9
978 9
979 9
980 9
981 86
982 22
983 8
984 8
985 86
986 22
987 40
988 39
989 42
990 8
991 8
992 8
993 8
994 8
995 8
996 9
997 8
998 8
999 9
1000 9
1001 9
1002 23
1003 23
1004 23
1005 8
1006 8
1007 8
1008 8
1009 23
1010 8
1011 11
1012 2
1013 71
1014 151
1015 58
1016 9
1017 16
1018 9
1019 7
1020 15
1021 27
1022 71
1023 90
1024 124
1025 17
1026 23
1027 23
1028 25
1029 133
1030 15
1031 124
1032 70
1033 124
1034 68
1035 7
1036 38
1037 153
1038 28
1039 28
1040 9
1041 8
1042 9
1043 28
1044 68
1045 66
1046 157
1047 38
1048 9
1049 9
1050 23
1051 9
1052 9
1053 38
1054 29
1055 22
1056 28
1057 9
1058 9
1059 8
1060 8
1061 8
1062 8
1063 9
1064 86
1065 8
1066 8
1067 9
1068 9
1069 63
1070 5
1071 66
1072 9
1073 9
1074 38
1075 9
1076 9
1077 45
1078 9
1079 18
1080 9
1081 9
1082 9
1083 9
1084 8
1085 9
1086 8
1087 8
1088 33
1089 65
1090 14
1091 9
1092 8
1093 14
1094 71
1095 9
1096 9
1097 46
1098 9
1099 9
1100 8
1101 9
1102 8
1103 8
1104 128
1105 9
1106 8
1107 9
1108 7
1109 9
1110 9
1111 160
1112 8
1113 10
1114 9
1115 9
1116 9
1117 83
1118 38
1119 38
1120 83
1121 8
1122 9
1123 66
1124 9
1125 8
1126 9
1127 9
1128 9
1129 5
1130 9
1131 23
1132 96
1133 9
1134 125
1135 9
1136 168
1137 9
1138 8
1139 9
1140 8
1141 95
1142 25
1143 77
1144 38
1145 79
1146 9
1147 9
1148 142
1149 38
1150 8
1151 22
1152 38
1153 9
1154 15
1155 9
1156 9
1157 9
1158 9
1159 8
1160 8
1161 99
1162 8
1163 9
1164 8
1165 8
1166 9
1167 9
1168 8
1169 38
1170 38
1171 92
1172 9
1173 55
1174 9
1175 14
1176 8
1177 9
1178 9
1179 38
1180 9
1181 8
1182 38
1183 9
1184 19
1185 9
1186 38
1187 9
1188 9
1189 0
1190 51
1191 9
1192 38
1193 51
1194 69
1195 38
1196 2
1197 124
1198 69
1199 90
1200 27
1201 162
1202 11
1203 23
1204 71
1205 70
1206 27
1207 27
1208 23
1209 22
1210 38
1211 23
1212 71
1213 27
1214 23
1215 15
1216 16
1217 7
1218 23
1219 20
1220 23
1221 137
1222 39
1223 23
1224 22
1225 70
1226 9
1227 9
1228 9
1229 9
1230 7
1231 27
1232 8
1233 8
1234 9
1235 8
1236 9
1237 8
1238 9
1239 2
1240 23
1241 9
1242 38
1243 8
1244 9
1245 10
1246 23
1247 12
1248 96
1249 9
1250 8
1251 9
1252 117
1253 9
1254 9
1255 9
1256 9
1257 8
1258 23
1259 8
1260 71
1261 8
1262 8
1263 49
1264 8
1265 38
1266 38
1267 9
1268 9
1269 7
1270 16
1271 23
1272 8
1273 117
1274 9
1275 23
1276 116
1277 49
1278 23
1279 9
1280 8
1281 142
1282 38
1283 9
1284 23
1285 22
1286 23
1287 8
1288 8
1289 9
1290 8
1291 15
1292 8
1293 46
1294 8
1295 9
1296 38
1297 9
1298 9
1299 46
1300 9
1301 9
1302 7
1303 96
1304 11
1305 9
1306 63
1307 52
1308 9
1309 15
1310 43
1311 9
1312 19
1313 9
1314 9
1315 8
1316 8
1317 8
1318 38
1319 59
1320 63
1321 55
1322 8
1323 55
1324 25
1325 25
1326 38
1327 25
1328 8
1329 8
1330 42
1331 9
1332 23
1333 8
1334 8
1335 8
1336 8
1337 9
1338 61
1339 35
1340 8
1341 55
1342 2
1343 9
1344 9
1345 46
1346 9
1347 106
1348 9
1349 23
1350 8
1351 22
1352 51
1353 55
1354 23
1355 16
1356 71
1357 124
1358 16
1359 3
1360 38
1361 35
1362 23
1363 5
1364 38
1365 27
1366 27
1367 71
1368 16
1369 23
1370 50
1371 27
1372 27
1373 38
1374 71
1375 27
1376 23
1377 39
1378 7
1379 20
1380 61
1381 38
1382 74
1383 24
1384 20
1385 94
1386 94
1387 20
1388 71
1389 71
1390 16
1391 3
1392 34
1393 27
1394 16
1395 77
1396 14
1397 2
1398 122
1399 122
1400 132
1401 9
1402 38
1403 9
1404 9
1405 8
1406 76
1407 16
1408 77
1409 9
1410 8
1411 23
1412 9
1413 8
1414 8
1415 42
1416 7
1417 8
1418 9
1419 30
1420 28
1421 8
1422 8
1423 9
1424 118
1425 9
1426 9
1427 9
1428 20
1429 71
1430 22
1431 105
1432 105
1433 39
1434 25
1435 118
1436 118
1437 19
1438 38
1439 38
1440 63
1441 118
1442 63
1443 8
1444 114
1445 118
1446 8
1447 118
1448 118
1449 118
1450 118
1451 8
1452 8
1453 8
1454 8
1455 8
1456 63
1457 9
1458 8
1459 63
1460 63
1461 59
1462 118
1463 23
1464 63
1465 118
1466 61
1467 19
1468 63
1469 63
1470 63
1471 63
1472 8
1473 63
1474 52
1475 9
1476 45
1477 59
1478 9
1479 118
1480 63
1481 63
1482 63
1483 9
1484 8
1485 118
1486 8
1487 8
1488 8
1489 23
1490 63
1491 9
1492 23
1493 68
1494 9
1495 79
1496 23
1497 9
1498 35
1499 9
1500 9
1501 68
1502 36
1503 8
1504 46
1505 38
1506 8
1507 9
1508 78
1509 9
1510 9
1511 23
1512 70
1513 9
1514 9
1515 38
1516 46
1517 9
1518 9
1519 66
1520 46
1521 59
1522 38
1523 143
1524 166
1525 74
1526 48
1527 63
1528 63
1529 8
1530 8
1531 5
1532 9
1533 9
1534 38
1535 9
1536 9
1537 23
1538 23
1539 23
1540 8
1541 72
1542 38
1543 8
1544 113
1545 16
1546 16
1547 8
1548 23
1549 7
1550 7
1551 46
1552 71
1553 27
1554 30
1555 38
1556 27
1557 113
1558 7
1559 38
1560 144
1561 71
1562 94
1563 71
1564 71
1565 7
1566 38
1567 82
1568 144
1569 7
1570 9
1571 28
1572 12
1573 82
1574 9
1575 7
1576 9
1577 9
1578 8
1579 9
1580 9
1581 55
1582 18
1583 8
1584 8
1585 8
1586 8
1587 9
1588 9
1589 118
1590 23
1591 63
1592 61
1593 81
1594 13
1595 9
1596 132
1597 81
1598 64
1599 38
1600 8
1601 38
1602 14
1603 9
1604 110
1605 38
1606 8
1607 9
1608 9
1609 121
1610 9
1611 159
1612 9
1613 48
1614 7
1615 9
1616 38
1617 7
1618 11
1619 42
1620 7
1621 9
1622 8
1623 0
1624 8
1625 9
1626 23
1627 76
1628 13
1629 63
1630 9
1631 9
1632 9
1633 9
1634 9
1635 9
1636 87
1637 83
1638 8
1639 96
1640 9
1641 9
1642 38
1643 8
1644 9
1645 8
1646 142
1647 106
1648 8
1649 8
1650 23
1651 38
1652 9
1653 9
1654 9
1655 9
1656 0
1657 23
1658 13
1659 9
1660 8
1661 38
1662 9
1663 48
1664 42
1665 19
1666 9
1667 8
1668 8
1669 4
1670 8
1671 9
1672 146
1673 18
1674 9
1675 8
1676 9
1677 9
1678 9
1679 8
1680 9
1681 9
1682 91
1683 8
1684 44
1685 9
1686 60
1687 38
1688 8
1689 44
1690 38
1691 9
1692 8
1693 8
1694 23
1695 35
1696 9
1697 23
1698 12
1699 51
1700 15
1701 9
1702 7
1703 76
1704 5
1705 36
1706 7
1707 38
1708 7
1709 38
1710 39
1711 70
1712 20
1713 27
1714 70
1715 77
1716 23
1717 7
1718 12
1719 23
1720 12
1721 77
1722 7
1723 23
1724 7
1725 15
1726 27
1727 27
1728 20
1729 20
1730 27
1731 9
1732 71
1733 30
1734 9
1735 8
1736 8
1737 8
1738 9
1739 8
1740 8
1741 9
1742 8
1743 8
1744 71
1745 9
1746 8
1747 8
1748 23
1749 9
1750 4
1751 9
1752 8
1753 8
1754 157
1755 9
1756 8
1757 9
1758 9
1759 9
1760 63
1761 9
1762 9
1763 9
1764 9
1765 8
1766 145
1767 8
1768 9
1769 8
1770 9
1771 9
1772 8
1773 108
1774 9
1775 9
1776 9
1777 142
1778 9
1779 8
1780 9
1781 8
1782 56
1783 9
1784 9
1785 38
1786 8
1787 9
1788 9
1789 19
1790 9
1791 9
1792 9
1793 39
1794 9
1795 66
1796 8
1797 76
1798 8
1799 8
1800 8
1801 9
1802 9
1803 41
1804 8
1805 23
1806 41
1807 9
1808 8
1809 8
1810 9
1811 9
1812 6
1813 9
1814 9
1815 38
1816 9
1817 9
1818 9
1819 7
1820 8
1821 8
1822 9
1823 9
1824 8
1825 9
1826 8
1827 9
1828 77
1829 9
1830 160
1831 9
1832 9
1833 15
1834 8
1835 9
1836 9
1837 9
1838 56
1839 9
1840 19
1841 9
1842 9
1843 8
1844 23
1845 28
1846 51
1847 38
1848 8
1849 9
1850 43
1851 9
1852 38
1853 142
1854 38
1855 8
1856 9
1857 9
1858 9
1859 7
1860 5
1861 8
1862 38
1863 32
1864 8
1865 9
1866 23
1867 9
1868 9
1869 20
1870 71
1871 17
1872 150
1873 17
1874 15
1875 23
1876 66
1877 7
1878 21
1879 39
1880 39
1881 94
1882 152
1883 17
1884 39
1885 3
1886 125
1887 138
1888 9
1889 9
1890 23
1891 26
1892 23
1893 23
1894 127
1895 102
1896 94
1897 20
1898 155
1899 17
1900 66
1901 17
1902 137
1903 67
1904 75
1905 17
1906 17
1907 15
1908 38
1909 8
1910 24
1911 8
1912 9
1913 71
1914 8
1915 8
1916 8
1917 48
1918 8
1919 8
1920 8
1921 9
1922 8
1923 8
1924 19
1925 12
1926 8
1927 12
1928 39
1929 8
1930 8
1931 8
1932 8
1933 8
1934 8
1935 8
1936 8
1937 8
1938 23
1939 8
1940 8
1941 8
1942 119
1943 8
1944 8
1945 8
1946 0
1947 8
1948 45
1949 8
1950 9
1951 8
1952 53
1953 8
1954 8
1955 8
1956 8
1957 66
1958 23
1959 8
1960 8
1961 8
1962 8
1963 8
1964 71
1965 8
1966 8
1967 8
1968 8
1969 8
1970 8
1971 23
1972 62
1973 23
1974 23
1975 12
1976 8
1977 1
1978 8
1979 33
1980 8
1981 8
1982 12
1983 8
1984 8
1985 8
1986 8
1987 8
1988 83
1989 9
1990 8
1991 8
1992 8
1993 8
1994 85
1995 8
1996 8
1997 8
1998 9
1999 8
2000 30
2001 8
2002 9
2003 8
2004 9
2005 8
2006 8
2007 8
2008 86
2009 8
2010 63
2011 8
2012 125
2013 17
2014 9
2015 8
2016 8
2017 8
2018 8
2019 8
2020 8
2021 8
2022 8
2023 86
2024 8
2025 8
2026 8
2027 8
2028 8
2029 125
2030 8
2031 9
2032 8
2033 8
2034 23
2035 8
2036 8
2037 8
2038 8
2039 77
2040 8
2041 8
2042 8
2043 8
2044 38
2045 9
2046 8
2047 8
2048 63
2049 8
2050 18
2051 8
2052 8
2053 8
2054 8
2055 63
2056 8
2057 8
2058 8
2059 55
2060 8
2061 8
2062 8
2063 103
2064 8
2065 8
2066 8
2067 8
2068 8
2069 9
2070 66
2071 15
2072 8
2073 11
2074 9
2075 8
2076 23
2077 8
2078 8
2079 8
2080 7
2081 8
2082 8
2083 8
2084 76
2085 8
2086 9
2087 8
2088 8
2089 8
2090 17
2091 8
2092 8
2093 8
2094 8
2095 8
2096 86
2097 8
2098 8
2099 8
2100 9
2101 8
2102 8
2103 8
2104 26
2105 8
2106 8
2107 8
2108 8
2109 8
2110 149
2111 8
2112 8
2113 8
2114 8
2115 8
2116 8
2117 8
2118 8
2119 8
2120 9
2121 8
2122 8
2123 8
2124 8
2125 8
2126 8
2127 8
2128 9
2129 55
2130 8
2131 8
2132 15
2133 8
2134 8
2135 8
2136 9
2137 8
2138 8
2139 8
2140 8
2141 8
2142 10
2143 8
2144 8
2145 8
2146 8
2147 8
2148 93
2149 59
2150 76
2151 8
2152 8
2153 8
2154 8
2155 8
2156 8
2157 0
2158 8
2159 71
2160 8
2161 118
2162 9
2163 8
2164 9
2165 46
2166 8
2167 8
2168 63
2169 128
2170 8
2171 8
2172 8
2173 15
2174 63
2175 9
2176 8
2177 9
2178 8
2179 8
2180 38
2181 8
2182 8
2183 8
2184 13
2185 13
2186 71
2187 148
2188 9
2189 8
2190 8
2191 39
2192 8
2193 8
2194 9
2195 9
2196 8
2197 15
2198 8
2199 8
2200 23
2201 74
2202 8
2203 9
2204 8
2205 8
2206 17
2207 9
2208 8
2209 8
2210 8
2211 8
2212 8
2213 8
2214 8
2215 9
2216 8
2217 8
2218 8
2219 8
2220 8
2221 9
2222 8
2223 8
2224 23
2225 8
2226 9
2227 0
2228 8
2229 8
2230 8
2231 9
2232 21
2233 23
2234 38
2235 7
2236 8
2237 8
2238 8
2239 9
2240 8
2241 17
2242 8
2243 8
2244 130
2245 8
2246 130
2247 15
2248 8
2249 9
2250 17
2251 15
2252 8
2253 8
2254 8
2255 9
2256 8
2257 63
2258 8
2259 83
2260 17
2261 17
2262 8
2263 8
2264 8
2265 8
2266 8
2267 63
2268 8
2269 8
2270 134
2271 8
2272 118
2273 9
2274 9
2275 8
2276 123
2277 8
2278 8
2279 123
2280 39
2281 8
2282 8
2283 8
2284 8
2285 8
2286 8
2287 8
2288 45
2289 32
2290 8
2291 8
2292 8
2293 23
2294 32
2295 9
2296 164
2297 9
2298 8
2299 8
2300 8
2301 8
2302 33
2303 26
2304 8
2305 17
2306 8
2307 9
2308 10
2309 8
2310 8
2311 8
2312 8
2313 8
2314 9
2315 9
2316 9
2317 8
2318 8
2319 8
2320 9
2321 8
2322 8
2323 9
2324 9
2325 8
2326 8
2327 45
2328 80
2329 9
2330 57
2331 57
2332 141
2333 63
2334 9
2335 9
2336 15
2337 8
2338 9
2339 8
2340 45
2341 9
2342 8
2343 71
2344 9
2345 8
2346 8
2347 8
2348 8
2349 8
2350 8
2351 8
2352 8
2353 8
2354 17
2355 7
2356 12
2357 39
2358 9
2359 39
2360 15
2361 8
2362 9
2363 9
2364 8
2365 8
2366 17
2367 9
2368 8
2369 9
2370 8
2371 8
2372 21
2373 21
2374 8
2375 8
2376 8
2377 131
2378 8
2379 8
2380 8
2381 73
2382 8
2383 8
2384 8
2385 8
2386 100
2387 8
2388 8
2389 8
2390 8
2391 8
2392 8
2393 8
2394 8
2395 15
2396 8
2397 38
2398 17
2399 8
2400 8
2401 8
2402 129
2403 8
2404 8
2405 9
2406 8
2407 45
2408 8
2409 8
2410 8
2411 8
2412 8
2413 8
2414 8
2415 8
2416 9
2417 157
2418 8
2419 8
2420 86
2421 8
2422 8
2423 8
2424 8
2425 8
2426 8
2427 129
2428 8
2429 9
2430 8
2431 9
2432 8
2433 8
2434 8
2435 8
2436 8
2437 9
2438 8
2439 8
2440 8
2441 8
2442 63
2443 8
2444 8
2445 118
2446 8
2447 23
2448 9
2449 86
2450 28
2451 8
2452 70
2453 8
2454 9
2455 9
2456 0
2457 7
2458 8
2459 9
2460 8
2461 8
2462 9
2463 8
2464 17
2465 83
2466 8
2467 8
2468 9
2469 9
2470 74
2471 8
2472 155
2473 8
2474 8
2475 8
2476 12
2477 132
2478 8
2479 8
2480 17
2481 39
2482 70
2483 8
2484 8
2485 8
2486 8
2487 8
2488 9
2489 128
2490 8
2491 8
2492 8
2493 63
2494 15
2495 120
2496 86
2497 8
2498 80
2499 9
2500 8
2501 118
2502 38
2503 8
2504 8
2505 9
2506 8
2507 23
2508 9
2509 128
2510 9
2511 8
2512 9
2513 8
2514 8
2515 9
2516 80
2517 9
2518 8
2519 8
2520 8
2521 8
2522 8
2523 9
2524 24
2525 7
2526 28
2527 9
2528 8
2529 8
2530 8
2531 8
2532 8
2533 145
2534 8
2535 8
2536 8
2537 8
2538 8
2539 9
2540 8
2541 8
2542 9
2543 58
2544 38
2545 9
2546 23
2547 8
2548 17
2549 79
2550 8
2551 8
2552 165
2553 8
2554 8
2555 8
2556 15
2557 7
2558 9
2559 17
2560 15
2561 71
2562 17
2563 102
2564 71
2565 7
2566 9
2567 70
2568 33
2569 38
2570 27
2571 27
2572 89
2573 17
2574 66
2575 71
2576 7
2577 7
2578 7
2579 38
2580 16
2581 7
2582 140
